-1 1.0 1.572087256442117e-18 -1.492476912748176e-18 0.0 -1.4924768093505994e-18 0.9986512064933777 0.051920417696237564 1.0892934799194336 1.5720873598396936e-18 -0.051920417696237564 0.9986512064933777 -4.7614530984674275e-08 0.0 0.0 0.0 1.0 1.0 -1.4924768093505994e-18 1.572087256442117e-18 1.6257453254050896e-18 1.5720871530445404e-18 0.9986512064933777 -0.051920417696237564 -1.0878242254257202 -1.4924770161457525e-18 0.051920417696237564 0.9986512064933777 -0.056556522846221924 -0.0 0.0 -0.0 1.0 
0 1.0 1.2924697071141057e-26 -2.384186927884002e-07 -4.2005265481208437e-26 -4.192534674984927e-08 0.9844174385070801 -0.175847589969635 0.6467493772506714 2.347034921967861e-07 0.175847589969635 0.9844173192977905 0.0 0.0 0.0 0.0 1.0 1.0 -2.9682894364668755e-08 2.3656372150071547e-07 5.9448588274335634e-08 -5.329070094684278e-15 0.9922195672988892 0.12449903041124344 -1.71748948097229 -2.384186927884002e-07 -0.12449902296066284 0.9922196865081787 0.2493453323841095 -0.0 0.0 -0.0 1.0 
0 -0.9158647656440735 0.4014900028705597 2.8014183044433594e-06 0.20001158118247986 -0.40094855427742004 -0.9146281480789185 -0.051919806748628616 0.5144997835159302 -0.02084299921989441 -0.04755253344774246 0.9986512064933777 0.026749316602945328 0.0 0.0 0.0 1.0 -0.9158623218536377 -0.4014894962310791 2.809506895573577e-06 0.8273681998252869 0.4014894664287567 -0.9158636331558228 -5.686072199750924e-07 1.3891897201538086 2.5277474833274027e-06 5.386443149291154e-07 1.0 -1.5151135812629946e-06 -0.0 0.0 -0.0 1.0 
2 2.473483618814498e-06 -0.062047213315963745 -0.9980732798576355 -2.9802372125686816e-08 -4.444599426278728e-07 0.998073160648346 -0.06204718351364136 0.3120425343513489 0.9999998807907104 5.997732728246774e-07 2.441145170450909e-06 -2.842170943040401e-14 0.0 0.0 0.0 1.0 8.269286411177745e-08 -4.497271888226351e-08 1.0000001192092896 4.9862645568055086e-08 0.4575425982475281 -0.8891876935958862 -1.4475732257324125e-07 1.0237360000610352 0.8891863226890564 0.45754268765449524 -3.2767272273304116e-07 -0.8926080465316772 -0.0 0.0 -0.0 1.0 
3 1.0 -3.5065195191918974e-08 -1.0154467418033164e-06 0.0 3.8195756246750534e-07 0.9390724301338196 0.3437194526195526 0.25459960103034973 9.415253998668049e-07 -0.3437194526195526 0.9390723705291748 -2.9802309953197437e-08 0.0 0.0 0.0 1.0 1.0946464499284048e-06 4.618341620243882e-08 1.0000001192092896 -4.96773111535731e-07 0.12403497099876404 -0.9922779202461243 -5.8375306366542645e-08 1.0290815830230713 0.992276668548584 0.12403461337089539 -1.3729112424698542e-06 -0.5738564729690552 -0.0 0.0 -0.0 1.0 
0 -0.9953432679176331 -0.09611646831035614 -0.007206931710243225 0.1516571342945099 0.0962582528591156 -0.9873776435852051 -0.12577584385871887 0.06892203539609909 0.004971399903297424 -0.12588432431221008 0.9920312762260437 0.003583451034501195 0.0 0.0 0.0 1.0 -0.9953446984291077 0.09638635069131851 -3.1285049772122875e-05 0.039305973798036575 -0.09611667692661285 -0.9925820231437683 -0.07444927096366882 1.1642930507659912 -0.007208771072328091 -0.07409975677728653 0.9972259998321533 0.08692353963851929 -0.0 0.0 0.0 1.0 
5 -0.00811697170138359 -0.09304744005203247 0.9956285357475281 -1.0090843716170639e-09 0.16030389070510864 0.9826633334159851 0.09314263612031937 0.5945510864257812 -0.9870343804359436 0.16035912930965424 0.006939619779586792 -8.149072527885437e-10 0.0 0.0 0.0 1.0 -0.00021339267550501972 -0.0867580771446228 -0.9962305426597595 0.005216258578002453 -0.002992055844515562 -0.9962249398231506 0.08675868064165115 0.5701461434364319 -0.9999962449073792 0.0029990673065185547 -4.5184599002823234e-05 0.09280464798212051 0.0 0.0 -0.0 1.0 
6 0.366550087928772 -0.9303977489471436 -0.0009591528214514256 2.878884686197125e-09 0.9301620721817017 0.36648017168045044 -0.022153744474053383 0.5101972818374634 0.020963307470083237 0.007228292990475893 0.9997541308403015 8.387121219755045e-09 0.0 0.0 0.0 1.0 -0.02382454089820385 -0.9583889842033386 -0.2844698429107666 0.05961968004703522 -0.008126250468194485 -0.28435540199279785 0.9586858153343201 0.017787694931030273 -0.9996838569641113 0.025151656940579414 -0.0010116664925590158 0.09144872426986694 0.0 0.0 -0.0 1.0 
0 -0.9158647656440735 -0.4014900028705597 -2.8014183044433594e-06 -0.20001158118247986 0.40094855427742004 -0.9146281480789185 -0.051919806748628616 0.5144997835159302 0.02084299921989441 -0.04755253344774246 0.9986512064933777 0.026749316602945328 0.0 0.0 0.0 1.0 -0.9158623218536377 0.4014894962310791 -2.809506895573577e-06 -0.8273681998252869 -0.4014894664287567 -0.9158636331558228 -5.686072199750924e-07 1.3891897201538086 -2.5277474833274027e-06 5.386443149291154e-07 1.0 -1.5151135812629946e-06 0.0 0.0 -0.0 1.0 
8 2.473483618814498e-06 0.062047213315963745 0.9980732798576355 2.9802372125686816e-08 4.444599426278728e-07 0.998073160648346 -0.06204718351364136 0.3120425343513489 -0.9999998807907104 5.997732728246774e-07 2.441145170450909e-06 -2.842170943040401e-14 0.0 0.0 0.0 1.0 8.269286411177745e-08 4.497271888226351e-08 -1.0000001192092896 -4.9862645568055086e-08 -0.4575425982475281 -0.8891876935958862 -1.4475732257324125e-07 1.0237360000610352 -0.8891863226890564 0.45754268765449524 -3.2767272273304116e-07 -0.8926080465316772 -0.0 0.0 -0.0 1.0 
9 1.0 3.5065195191918974e-08 1.0154467418033164e-06 0.0 -3.8195756246750534e-07 0.9390724301338196 0.3437194526195526 0.25459960103034973 -9.415253998668049e-07 -0.3437194526195526 0.9390723705291748 -2.9802309953197437e-08 0.0 0.0 0.0 1.0 1.0946464499284048e-06 -4.618341620243882e-08 -1.0000001192092896 4.96773111535731e-07 -0.12403497099876404 -0.9922779202461243 -5.8375306366542645e-08 1.0290815830230713 -0.992276668548584 0.12403461337089539 -1.3729112424698542e-06 -0.5738564729690552 -0.0 0.0 -0.0 1.0 
0 -0.9953432679176331 0.09611646831035614 0.007206931710243225 -0.1516571342945099 -0.0962582528591156 -0.9873776435852051 -0.12577584385871887 0.06892203539609909 -0.004971399903297424 -0.12588432431221008 0.9920312762260437 0.003583451034501195 0.0 0.0 0.0 1.0 -0.9953446984291077 -0.09638635069131851 3.1285049772122875e-05 -0.039305973798036575 0.09611667692661285 -0.9925820231437683 -0.07444927096366882 1.1642930507659912 0.007208771072328091 -0.07409975677728653 0.9972259998321533 0.08692353963851929 -0.0 0.0 -0.0 1.0 
11 -0.00811697170138359 0.09304744005203247 -0.9956285357475281 1.0090843716170639e-09 -0.16030389070510864 0.9826633334159851 0.09314263612031937 0.5945510864257812 0.9870343804359436 0.16035912930965424 0.006939619779586792 -8.149072527885437e-10 0.0 0.0 0.0 1.0 -0.00021339267550501972 0.0867580771446228 0.9962305426597595 -0.005216258578002453 0.002992055844515562 -0.9962249398231506 0.08675868064165115 0.5701461434364319 0.9999962449073792 0.0029990673065185547 -4.5184599002823234e-05 0.09280464798212051 -0.0 -0.0 -0.0 1.0 
12 0.366550087928772 0.9303977489471436 0.0009591528214514256 -2.878884686197125e-09 -0.9301620721817017 0.36648017168045044 -0.022153744474053383 0.5101972818374634 -0.020963307470083237 0.007228292990475893 0.9997541308403015 8.387121219755045e-09 0.0 0.0 0.0 1.0 -0.02382454089820385 0.9583889842033386 0.2844698429107666 -0.05961968004703522 0.008126250468194485 -0.28435540199279785 0.9586858153343201 0.017787694931030273 0.9996838569641113 0.025151656940579414 -0.0010116664925590158 0.09144872426986694 -0.0 -0.0 -0.0 1.0 
1.0 0.0 0.0 0.0 0.0 1.0 0.0 0.0 0.0 0.0 1.0 0.0 0.0 0.0 0.0 1.0 
1.0 -6.367603333501393e-08 -4.270717113286082e-09 0.0 6.367603333501393e-08 0.9910436868667603 0.13353827595710754 0.0 -4.270719777821341e-09 -0.13353827595710754 0.9910436868667603 0.0 0.0 0.0 0.0 1.0 
0.9938026666641235 -0.014137820340692997 0.110256128013134 0.0 -0.014136509038507938 0.9677508473396301 0.25151243805885315 0.0 -0.11025629937648773 -0.251512348651886 0.9615534543991089 0.0 0.0 0.0 0.0 1.0 
0.8729459047317505 0.4337608218193054 -0.22319720685482025 0.0 -0.4337608218193054 0.8995441198348999 0.05169088765978813 0.0 0.22319722175598145 0.051690857857465744 0.9734017848968506 0.0 0.0 0.0 0.0 1.0 
1.0 0.0 0.0 0.0 0.0 1.0 0.0 0.0 0.0 0.0 1.0 0.0 0.0 0.0 0.0 1.0 
0.9983779788017273 0.012633144855499268 0.055514395236968994 0.0 0.020773299038410187 0.8270187973976135 -0.5617903470993042 0.0 -0.05300862714648247 0.5620323419570923 0.8254148960113525 0.0 0.0 0.0 0.0 1.0 
0.7350824475288391 0.6779748797416687 -0.0019720899872481823 0.0 -0.6779745817184448 0.7350847721099854 0.0009369612671434879 0.0 0.002084889682009816 0.0006482829921878874 0.999997615814209 0.0 0.0 0.0 0.0 1.0 
1.0 0.0 0.0 0.0 0.0 1.0 0.0 0.0 0.0 0.0 1.0 0.0 0.0 0.0 0.0 1.0 
0.9922303557395935 0.017723029479384422 0.12314530462026596 0.0 0.017724506556987762 0.9595692157745361 -0.28091421723365784 0.0 -0.12314509600400925 0.280914306640625 0.9517995715141296 0.0 0.0 0.0 0.0 1.0 
0.9760130643844604 -0.19358667731285095 0.0996125265955925 0.0 0.19358667731285095 0.9810346364974976 0.009758871048688889 0.0 -0.0996125265955925 0.009758870117366314 0.9949784278869629 0.0 0.0 0.0 0.0 1.0 
1.0 0.0 0.0 0.0 0.0 1.0 0.0 0.0 0.0 0.0 1.0 0.0 0.0 0.0 0.0 1.0 
0.9999215006828308 -0.0017437549540773034 0.01240853313356638 0.0 0.00012683267414104193 0.9916274547576904 0.1291315108537674 0.0 -0.01252981647849083 -0.12911979854106903 0.9915498495101929 0.0 0.0 0.0 0.0 1.0 
0.9758205413818359 -0.21857227385044098 0.0006488118669949472 0.0 0.2185722440481186 0.975820779800415 0.00011881062528118491 0.0 -0.0006590927951037884 2.587440758361481e-05 0.9999997615814209 0.0 0.0 0.0 0.0 1.0 
0.9480211138725281 0.31818440556526184 -0.003824832383543253 0.0 -0.3182045519351959 0.9479950666427612 -0.007160604931414127 0.0 0.0013475295854732394 0.008005484007298946 0.9999670386314392 0.0 0.0 0.0 0.0 1.0 
1.0 0.0 0.0 0.0 0.0 1.0 0.0 0.0 0.0 0.0 1.0 0.0 0.0 0.0 0.0 1.0 
1.0 -6.367603333501393e-08 -4.270717113286082e-09 0.0 6.367603333501393e-08 0.9910436868667603 0.13353827595710754 0.0 -4.270719777821341e-09 -0.13353827595710754 0.9910436868667603 0.0 0.0 0.0 0.0 1.0 
0.9922303557395935 -0.017723025754094124 -0.12314530462026596 0.0 -0.01772451028227806 0.9595692157745361 -0.28091421723365784 0.0 0.12314509600400925 0.280914306640625 0.9517995715141296 0.0 0.0 0.0 0.0 1.0 
0.9760130643844604 0.19358666241168976 -0.0996125265955925 0.0 -0.19358666241168976 0.9810346364974976 0.009758871980011463 0.0 0.0996125265955925 0.009758870117366314 0.9949784278869629 0.0 0.0 0.0 0.0 1.0 
1.0 0.0 0.0 0.0 0.0 1.0 0.0 0.0 0.0 0.0 1.0 0.0 0.0 0.0 0.0 1.0 
0.9999215006828308 0.0017437549540773034 -0.012408534064888954 0.0 -0.00012683273234870285 0.9916274547576904 0.1291315108537674 0.0 0.01252981647849083 -0.12911979854106903 0.9915498495101929 0.0 0.0 0.0 0.0 1.0 
0.9758205413818359 0.21857225894927979 -0.0006488119252026081 0.0 -0.2185722291469574 0.975820779800415 0.00011881063255714253 0.0 0.0006590928533114493 2.58744021266466e-05 0.9999997615814209 0.0 0.0 0.0 0.0 1.0 
0.9480211138725281 -0.31818440556526184 0.0038248326163738966 0.0 0.3182045519351959 0.9479950070381165 -0.007160604000091553 0.0 -0.0013475295854732394 0.008005483075976372 0.9999670386314392 0.0 0.0 0.0 0.0 1.0 
0.9938026666641235 0.014137821272015572 -0.1102561354637146 0.0 0.014136509969830513 0.9677508473396301 0.25151243805885315 0.0 0.11025630682706833 -0.251512348651886 0.9615534543991089 0.0 0.0 0.0 0.0 1.0 
0.8729459047317505 -0.4337608814239502 0.22319723665714264 0.0 0.4337608814239502 0.8995441198348999 0.05169089511036873 0.0 -0.22319725155830383 0.05169086530804634 0.9734017848968506 0.0 0.0 0.0 0.0 1.0 
1.0 0.0 0.0 0.0 0.0 1.0 0.0 0.0 0.0 0.0 1.0 0.0 0.0 0.0 0.0 1.0 
0.9983779788017273 -0.012633144855499268 -0.055514391511678696 0.0 -0.020773297175765038 0.8270187973976135 -0.5617903470993042 0.0 0.05300862342119217 0.5620323419570923 0.8254148960113525 0.0 0.0 0.0 0.0 1.0 
0.7350825071334839 -0.6779748201370239 0.0019720899872481823 0.0 0.6779745221138 0.7350848317146301 0.0009369611507281661 0.0 -0.0020848894491791725 0.0006482829339802265 0.999997615814209 0.0 0.0 0.0 0.0 1.0 
1.0 0.0 0.0 0.0 0.0 1.0 0.0 0.0 0.0 0.0 1.0 0.0 0.0 0.0 0.0 1.0 
1.0 0.0 0.0 0.0 0.0 1.0 0.0 0.004671565257012844 0.0 0.0 1.0 0.00024287706764880568 0.0 0.0 0.0 1.0 
1.0 -6.367603333501393e-08 -4.270717113286082e-09 0.0 6.367603333501393e-08 0.9910436868667603 0.13353827595710754 0.0 -4.270719777821341e-09 -0.13353827595710754 0.9910436868667603 0.0 0.0 0.0 0.0 1.0 
0.9930158257484436 -0.015931351110339165 -0.1169007197022438 0.0 -0.015932761132717133 0.9636563658714294 -0.2666693329811096 0.0 0.11690052598714828 0.2666694223880768 0.956672191619873 0.0 0.0 0.0 0.0 1.0 
0.9742182493209839 0.20060744881629944 -0.10322515666484833 0.0 -0.20060744881629944 0.9796155691146851 0.010489081963896751 0.0 0.10322515666484833 0.010489080101251602 0.9946026802062988 0.0 0.0 0.0 0.0 1.0 
1.0 0.0 0.0 0.0 0.0 1.0 0.0 0.0 0.0 0.0 1.0 0.0 0.0 0.0 0.0 1.0 
0.9999512434005737 0.0012398288818076253 -0.009797156788408756 0.0 -0.0002355627075303346 0.9947998523712158 0.10184896737337112 0.0 0.009872485883533955 -0.10184169560670853 0.9947516322135925 0.0 0.0 0.0 0.0 1.0 
0.9485529065132141 0.3166172504425049 -0.0009364213910885155 0.0 -0.3166171908378601 0.9485533833503723 0.000221252950723283 0.0 0.000958298216573894 8.661703031975776e-05 0.9999995231628418 0.0 0.0 0.0 0.0 1.0 
0.9282687306404114 -0.3718799948692322 0.004731893073767424 0.0 0.3719077706336975 0.9282327890396118 -0.008279875852167606 0.0 -0.0013131782179698348 0.009445777162909508 0.9999545216560364 0.0 0.0 0.0 0.0 1.0 
0.9945035576820374 0.012538942508399487 -0.10394945740699768 0.0 0.012537706643342972 0.9713980555534363 0.23712581396102905 0.0 0.10394960641860962 -0.23712575435638428 0.9659015536308289 0.0 0.0 0.0 0.0 1.0 
0.8768671751022339 -0.42746150493621826 0.21995583176612854 0.0 0.42746150493621826 0.9026445150375366 0.05009554326534271 0.0 -0.21995584666728973 0.050095513463020325 0.974222719669342 0.0 0.0 0.0 0.0 1.0 
1.0 0.0 0.0 0.0 0.0 1.0 0.0 0.0 0.0 0.0 1.0 0.0 0.0 0.0 0.0 1.0 
0.9985659718513489 -0.010919257067143917 -0.052410025149583817 0.0 -0.018615487962961197 0.8470667004585266 -0.5311604738235474 0.0 0.05019466578960419 0.5313743948936462 0.8456487059593201 0.0 0.0 0.0 0.0 1.0 
0.8249586224555969 -0.5651907324790955 0.0016537492629140615 0.0 0.5651904940605164 0.8249601721763611 0.0006440909346565604 0.0 -0.001728311413899064 0.00040333502693101764 0.9999984502792358 0.0 0.0 0.0 0.0 1.0 
0.9997590780258179 -0.021948065608739853 0.00017263776680920273 0.0 0.02194797247648239 0.9997589588165283 0.0005250220419839025 0.0 -0.00018411937344353646 -0.0005211065290495753 0.9999998211860657 0.0 0.0 0.0 0.0 1.0 
1.0 0.0 0.0 0.0 0.0 1.0 0.0 0.015811452642083168 0.0 0.0 1.0 0.0008220454910770059 0.0 0.0 0.0 1.0 
1.0 -6.367603333501393e-08 -4.270717113286082e-09 0.0 6.367603333501393e-08 0.9910436868667603 0.13353827595710754 0.0 -4.270719777821341e-09 -0.13353827595710754 0.9910436868667603 0.0 0.0 0.0 0.0 1.0 
0.9949479699134827 -0.011523932218551636 -0.09972843527793884 0.0 -0.011525134555995464 0.9737106561660767 -0.22749662399291992 0.0 0.0997283011674881 0.2274966835975647 0.9686586260795593 0.0 0.0 0.0 0.0 1.0 
0.9690195322036743 0.2196151614189148 -0.11300581693649292 0.0 -0.2196151614189148 0.9755051732063293 0.012604136019945145 0.0 0.11300581693649292 0.012604134157299995 0.993514358997345 0.0 0.0 0.0 0.0 1.0 
1.0 0.0 0.0 0.0 0.0 1.0 0.0 0.0 0.0 0.0 1.0 0.0 0.0 0.0 0.0 1.0 
0.9999958276748657 0.00025813636602833867 -0.002868713578209281 0.0 -0.0001727056660456583 0.999557614326477 0.029740577563643456 0.0 0.0028751215431839228 -0.02973995916545391 0.9995535612106323 0.0 0.0 0.0 0.0 1.0 
0.8404397964477539 0.5419026017189026 -0.0015876197721809149 0.0 -0.5419024229049683 0.8404412269592285 0.000592677912209183 0.0 0.0016554747708141804 0.00036222493508830667 0.9999985694885254 0.0 0.0 0.0 0.0 1.0 
0.9146502017974854 -0.40421122312545776 0.0053191701881587505 0.0 0.4042443037033081 0.9146073460578918 -0.008939799852669239 0.0 -0.0012513839174062014 0.010327034629881382 0.999945878982544 0.0 0.0 0.0 0.0 1.0 
0.9962033033370972 0.00866141077131033 -0.08662545680999756 0.0 0.00866038165986538 0.9802430868148804 0.1976069062948227 0.0 0.08662555366754532 -0.19760684669017792 0.9764463901519775 0.0 0.0 0.0 0.0 1.0 
0.8872302174568176 -0.4102061688899994 0.21107685565948486 0.0 0.4102061688899994 0.9108380675315857 0.04587943106889725 0.0 -0.21107687056064606 0.04587940126657486 0.9763921499252319 0.0 0.0 0.0 0.0 1.0 
1.0 0.0 0.0 0.0 0.0 1.0 0.0 0.0 0.0 0.0 1.0 0.0 0.0 0.0 0.0 1.0 
0.9989986419677734 -0.007055614143610001 -0.04418031498789787 0.0 -0.013567392714321613 0.8932123780250549 -0.44943028688430786 0.0 0.042633410543203354 0.4495796859264374 0.8922222256660461 0.0 0.0 0.0 0.0 1.0 
0.8936625719070435 -0.4487376809120178 0.0013199863024055958 0.0 0.44873756170272827 0.8936634659767151 0.00041378088644705713 0.0 -0.0013653025962412357 0.00022254693612921983 0.9999990463256836 0.0 0.0 0.0 0.0 1.0 
0.9993783235549927 -0.03525464981794357 0.00027171007241122425 0.0 0.03525440767407417 0.9993780255317688 0.0008452367037534714 0.0 -0.00030133960535749793 -0.0008351322612725198 0.9999995827674866 0.0 0.0 0.0 0.0 1.0 
1.0 0.0 0.0 0.0 0.0 1.0 0.0 0.02910744957625866 0.0 0.0 1.0 0.0015133110573515296 0.0 0.0 0.0 1.0 
1.0 -6.367603333501393e-08 -4.270717113286082e-09 0.0 6.367603333501393e-08 0.9910436868667603 0.13353827595710754 0.0 -4.270719777821341e-09 -0.13353827595710754 0.9910436868667603 0.0 0.0 0.0 0.0 1.0 
0.9972451329231262 -0.006283919792622328 -0.0739101842045784 0.0 -0.006284813396632671 0.9856643080711365 -0.16860106587409973 0.0 0.07391010969877243 0.16860109567642212 0.9829094409942627 0.0 0.0 0.0 0.0 1.0 
0.9604905247688293 0.24747222661972046 -0.12734001874923706 0.0 -0.24747222661972046 0.9687616229057312 0.01607409678399563 0.0 0.12734001874923706 0.01607409492135048 0.9917288422584534 0.0 0.0 0.0 0.0 1.0 
1.0 0.0 0.0 0.0 0.0 1.0 0.0 0.0 0.0 0.0 1.0 0.0 0.0 0.0 0.0 1.0 
0.9999756217002869 -0.00027088707429356873 0.006973208859562874 0.0 0.0007723807939328253 0.9974032044410706 -0.07201537489891052 0.0 -0.006935593206435442 0.07201900333166122 0.9973791241645813 0.0 0.0 0.0 0.0 1.0 
0.6391515135765076 0.7690776586532593 -0.0022246651351451874 0.0 -0.7690771818161011 0.6391547322273254 0.0012433346128091216 0.0 0.0023781261406838894 0.0009162598289549351 0.9999967813491821 0.0 0.0 0.0 0.0 1.0 
0.9070203304290771 -0.4210491180419922 0.005637827329337597 0.0 0.4210851490497589 0.906973659992218 -0.009279119782149792 0.0 -0.0012063957983627915 0.010790355503559113 0.9999410510063171 0.0 0.0 0.0 0.0 1.0 
0.998151421546936 0.004217294044792652 -0.060629840940237045 0.0 0.004216575063765049 0.9903804659843445 0.1383066028356552 0.0 0.060629889369010925 -0.13830657303333282 0.9885318875312805 0.0 0.0 0.0 0.0 1.0 
0.9017393589019775 -0.3843781650066376 0.19778673350811005 0.0 0.3843781650066376 0.9223097562789917 0.03997651860117912 0.0 -0.19778673350811005 0.039976488798856735 0.9794296026229858 0.0 0.0 0.0 0.0 1.0 
1.0 0.0 0.0 0.0 0.0 1.0 0.0 0.0 0.0 0.0 1.0 0.0 0.0 0.0 0.0 1.0 
0.9994660019874573 -0.003089820733293891 -0.032529160380363464 0.0 -0.007907889783382416 0.9430528879165649 -0.33254873752593994 0.0 0.03170423582196236 0.33262839913368225 0.9425249099731445 0.0 0.0 0.0 0.0 1.0 
0.939083456993103 -0.34368759393692017 0.0010154079645872116 0.0 0.3436875343322754 0.9390840530395508 0.00025553599698469043 0.0 -0.001041378010995686 0.00010901347559411079 0.999999463558197 0.0 0.0 0.0 0.0 1.0 
0.9991139769554138 -0.04208581522107124 0.0003209285205230117 0.0 0.042085472494363785 0.9991135001182556 0.0010101842926815152 0.0 -0.0003631584404502064 -0.0009957827860489488 0.999999463558197 0.0 0.0 0.0 0.0 1.0 
1.0 0.0 0.0 0.0 0.0 1.0 0.0 0.040247343480587006 0.0 0.0 1.0 0.002092479495331645 0.0 0.0 0.0 1.0 
1.0 -6.367603333501393e-08 -4.270717113286082e-09 0.0 6.367603333501393e-08 0.9910436868667603 0.13353827595710754 0.0 -4.270719777821341e-09 -0.13353827595710754 0.9910436868667603 0.0 0.0 0.0 0.0 1.0 
0.9991177916526794 -0.00201216759160161 -0.04194706305861473 0.0 -0.0020126786548644304 0.9954093098640442 -0.09568806737661362 0.0 0.04194704070687294 0.09568807482719421 0.9945271611213684 0.0 0.0 0.0 0.0 1.0 
0.9487555027008057 0.2809930741786957 -0.1445886194705963 0.0 -0.2809930741786957 0.9594833254814148 0.020848385989665985 0.0 0.1445886194705963 0.020848384127020836 0.9892721772193909 0.0 0.0 0.0 0.0 1.0 
1.0 0.0 0.0 0.0 0.0 1.0 0.0 0.0 0.0 0.0 1.0 0.0 0.0 0.0 0.0 1.0 
0.9998350739479065 0.00034597699414007366 0.0181582048535347 0.0 0.0030508902855217457 0.982410728931427 -0.18670779466629028 0.0 -0.017903411760926247 0.18673241138458252 0.9822476506233215 0.0 0.0 0.0 0.0 1.0 
0.42852070927619934 0.9035283327102661 -0.00258224131539464 0.0 -0.9035276174545288 0.42852580547332764 0.0019022378837689757 0.0 0.00282528274692595 0.0015179774491116405 0.9999948740005493 0.0 0.0 0.0 0.0 1.0 
0.9039543271064758 -0.42759016156196594 0.005764049012213945 0.0 0.4276273548603058 0.9039061069488525 -0.009410110302269459 0.0 -0.0011864890111610293 0.010971175506711006 0.9999390840530396 0.0 0.0 0.0 0.0 1.0 
0.9995925426483154 0.0009296194766648114 -0.028528280556201935 0.0 0.0009292843751609325 0.9978797435760498 0.06507766991853714 0.0 0.02852829173207283 -0.06507766246795654 0.99747234582901 0.0 0.0 0.0 0.0 1.0 
0.9181007742881775 -0.3524268567562103 0.18134577572345734 0.0 0.3524268567562103 0.9352459907531738 0.033320020884275436 0.0 -0.18134577572345734 0.03331999108195305 0.9828547835350037 0.0 0.0 0.0 0.0 1.0 
1.0 0.0 0.0 0.0 0.0 1.0 0.0 0.0 0.0 0.0 1.0 0.0 0.0 0.0 0.0 1.0 
0.9998078346252441 -0.0005202008178457618 -0.019597453996539116 0.0 -0.0034379055723547935 0.9795045256614685 -0.20139265060424805 0.0 0.019300559535622597 0.201421320438385 0.9793145060539246 0.0 0.0 0.0 0.0 1.0 
0.9638941287994385 -0.26628467440605164 0.0007891429122537374 0.0 0.26628461480140686 0.9638944268226624 0.0001648097822908312 0.0 -0.0008045367430895567 5.127742042532191e-05 0.9999997019767761 0.0 0.0 0.0 0.0 1.0 
0.9990046620368958 -0.04460467770695686 0.00033879559487104416 0.0 0.04460429400205612 0.9990041851997375 0.0010711012873798609 0.0 -0.00038623434375040233 -0.0010549233993515372 0.9999993443489075 0.0 0.0 0.0 0.0 1.0 
1.0 0.0 0.0 -6.713097352273469e-20 0.0 1.0 0.0 0.044918905943632126 0.0 0.0 1.0 0.0023353565484285355 0.0 0.0 0.0 1.0 
1.0 -6.367603333501393e-08 -4.270717113286082e-09 0.0 6.367603333501393e-08 0.9910436868667603 0.13353827595710754 0.0 -4.270719777821341e-09 -0.13353827595710754 0.9910436868667603 0.0 0.0 0.0 0.0 1.0 
0.9999772906303406 -5.1701554184546694e-05 -0.006735366303473711 0.0 -5.179112122277729e-05 0.9998819828033447 -0.015364480204880238 0.0 0.006735365837812424 0.015364480204880238 0.9998592734336853 0.0 0.0 0.0 0.0 1.0 
0.9342919588088989 0.31700316071510315 -0.16311806440353394 0.0 -0.31700316071510315 0.9480476379394531 0.02673274651169777 0.0 0.16311806440353394 0.02673274464905262 0.9862443208694458 0.0 0.0 0.0 0.0 1.0 
1.0 0.0 0.0 0.0 0.0 1.0 0.0 0.0 0.0 0.0 1.0 0.0 0.0 0.0 0.0 1.0 
0.9995760321617126 0.0022129195276647806 0.029032543301582336 0.0 0.0065191504545509815 0.9547846913337708 -0.29722675681114197 0.0 -0.02837756648659706 0.29729002714157104 0.9543654322624207 0.0 0.0 0.0 0.0 1.0 
0.33447161316871643 0.9424020648002625 -0.002678580116480589 0.0 -0.9424012303352356 0.3344775438308716 0.002191947540268302 0.0 0.0029616206884384155 0.001791152753867209 0.9999940395355225 0.0 0.0 0.0 0.0 1.0 
0.9034254550933838 -0.4287061393260956 0.005785720888525248 0.0 0.42874354124069214 0.9033769965171814 -0.009432408958673477 0.0 -0.0011829565046355128 0.011002068407833576 0.9999387860298157 0.0 0.0 0.0 0.0 1.0 
0.9999772906303406 5.1703755161724985e-05 0.006735403556376696 0.0 5.1789902499876916e-05 0.9998819828033447 -0.015364538878202438 0.0 -0.006735403090715408 0.015364538878202438 0.9998592734336853 0.0 0.0 0.0 0.0 1.0 
0.9342920184135437 -0.31700313091278076 0.16311804950237274 0.0 0.31700313091278076 0.9480476975440979 0.026732755824923515 0.0 -0.16311804950237274 0.026732726022601128 0.9862443208694458 0.0 0.0 0.0 0.0 1.0 
1.0 0.0 0.0 0.0 0.0 1.0 0.0 0.0 0.0 0.0 1.0 0.0 0.0 0.0 0.0 1.0 
0.9999694228172302 0.00026958496891893446 -0.007815768010914326 0.0 -0.000899394100997597 0.9967387914657593 -0.08069083839654922 0.0 0.007768526207655668 0.08069539815187454 0.9967085123062134 0.0 0.0 0.0 0.0 1.0 
0.9727246165275574 -0.23196189105510712 0.0006883125752210617 0.0 0.23196186125278473 0.9727248549461365 0.0001310334337176755 0.0 -0.0006999335018917918 3.220276630599983e-05 0.9999997615814209 0.0 0.0 0.0 0.0 1.0 
0.9989882707595825 -0.0449695885181427 0.0003413714002817869 0.0 0.04496919736266136 0.9989877939224243 0.001079930574633181 0.0 -0.00038958986988291144 -0.0010634867940098047 0.9999993443489075 0.0 0.0 0.0 0.0 1.0 
1.0 0.0 0.0 -6.713097352273469e-20 0.0 1.0 0.0 0.04024733603000641 0.0 0.0 1.0 0.002092479495331645 0.0 0.0 0.0 1.0 
1.0 -6.367603333501393e-08 -4.270717113286082e-09 0.0 6.367603333501393e-08 0.9910436868667603 0.13353827595710754 0.0 -4.270719777821341e-09 -0.13353827595710754 0.9910436868667603 0.0 0.0 0.0 0.0 1.0 
0.9995925426483154 -0.0009296184871345758 0.028528288006782532 0.0 -0.0009292858303524554 0.9978797435760498 0.06507766991853714 0.0 -0.028528299182653427 -0.06507766246795654 0.99747234582901 0.0 0.0 0.0 0.0 1.0 
0.9181007146835327 0.3524269163608551 -0.18134580552577972 0.0 -0.3524269163608551 0.9352459907531738 0.03332001343369484 0.0 0.18134580552577972 0.03332001343369484 0.9828547835350037 0.0 0.0 0.0 0.0 1.0 
1.0 0.0 0.0 0.0 0.0 1.0 0.0 0.0 0.0 0.0 1.0 0.0 0.0 0.0 0.0 1.0 
0.9992544054985046 0.004848279990255833 0.03830384463071823 0.0 0.010508096776902676 0.9204834699630737 -0.39064013957977295 0.0 -0.037151988595724106 0.3907513916492462 0.9197461605072021 0.0 0.0 0.0 0.0 1.0 
0.3812125325202942 0.9244836568832397 -0.002634858712553978 0.0 -0.9244828820228577 0.3812180459499359 0.0020482640247792006 0.0 0.0028980423230677843 0.0016550578875467181 0.9999944567680359 0.0 0.0 0.0 0.0 1.0 
0.9221134185791016 -0.3868872821331024 0.005000484175980091 0.0 0.38691744208335876 0.9220743775367737 -0.008587579242885113 0.0 -0.0012883928138762712 0.009853496216237545 0.999950647354126 0.0 0.0 0.0 0.0 1.0 
0.9991177916526794 0.0020121692214161158 0.041947051882743835 0.0 0.0020126760937273502 0.9954093098640442 -0.09568806737661362 0.0 -0.041947029531002045 0.09568807482719421 0.9945271611213684 0.0 0.0 0.0 0.0 1.0 
0.9487555027008057 -0.2809930741786957 0.1445886194705963 0.0 0.2809930741786957 0.9594833254814148 0.02084839902818203 0.0 -0.1445886194705963 0.02084837108850479 0.9892721772193909 0.0 0.0 0.0 0.0 1.0 
1.0 0.0 0.0 0.0 0.0 1.0 0.0 0.0 0.0 0.0 1.0 0.0 0.0 0.0 0.0 1.0 
0.9999995231628418 -7.719730638200417e-05 0.0009646782418712974 0.0 6.755347567377612e-05 0.9999500513076782 0.009992977604269981 0.0 -0.0009654014720581472 -0.009992907755076885 0.99994957447052 0.0 0.0 0.0 0.0 1.0 
0.9742584228515625 -0.22543302178382874 0.0006690570735372603 0.0 0.22543297708034515 0.9742586612701416 0.0001250008645001799 0.0 -0.0006800139672122896 2.9044396796962246e-05 0.9999997615814209 0.0 0.0 0.0 0.0 1.0 
0.9999769926071167 -0.0067830500192940235 5.4567753977607936e-05 0.0 0.006783041171729565 0.9999769926071167 0.0001618562819203362 0.0 -5.566437539528124e-05 -0.00016148242866620421 1.0 0.0 0.0 0.0 0.0 1.0 
1.0 0.0 0.0 -6.713097352273469e-20 0.0 1.0 0.0 0.02910745143890381 0.0 0.0 1.0 0.0015133110573515296 0.0 0.0 0.0 1.0 
1.0 -6.367603333501393e-08 -4.270717113286082e-09 0.0 6.367603333501393e-08 0.9910436868667603 0.13353827595710754 0.0 -4.270719777821341e-09 -0.13353827595710754 0.9910436868667603 0.0 0.0 0.0 0.0 1.0 
0.998151421546936 -0.004217290785163641 0.06062982603907585 0.0 -0.004216573666781187 0.9903804659843445 0.13830655813217163 0.0 -0.06062987446784973 -0.13830652832984924 0.9885318875312805 0.0 0.0 0.0 0.0 1.0 
0.9017393589019775 0.3843781650066376 -0.19778671860694885 0.0 -0.3843781650066376 0.9223097562789917 0.03997650742530823 0.0 0.19778671860694885 0.03997650370001793 0.9794296026229858 0.0 0.0 0.0 0.0 1.0 
1.0 0.0 0.0 0.0 0.0 1.0 0.0 0.0 0.0 0.0 1.0 0.0 0.0 0.0 0.0 1.0 
0.998927116394043 0.007684958633035421 0.04566808044910431 0.0 0.014411618933081627 0.8855822086334229 -0.4642590880393982 0.0 -0.044010650366544724 0.4644191563129425 0.8845213055610657 0.0 0.0 0.0 0.0 1.0 
0.48935699462890625 0.8720799088478088 -0.00250094011425972 0.0 -0.8720792531967163 0.4893615245819092 0.0017135032685473561 0.0 0.0027181757614016533 0.0013425035867840052 0.9999954104423523 0.0 0.0 0.0 0.0 1.0 
0.9589904546737671 -0.2834194004535675 0.0032807374373078346 0.0 0.28343528509140015 0.9589698910713196 -0.006421281956136227 0.0 -0.001326212310232222 0.0070878248661756516 0.9999740123748779 0.0 0.0 0.0 0.0 1.0 
0.9972451329231262 0.006283921655267477 0.0739101842045784 0.0 0.00628481013700366 0.9856643676757812 -0.16860105097293854 0.0 -0.07391010969877243 0.16860108077526093 0.9829094409942627 0.0 0.0 0.0 0.0 1.0 
0.9604905247688293 -0.24747221171855927 0.12734001874923706 0.0 0.24747221171855927 0.9687616229057312 0.016074109822511673 0.0 -0.12734001874923706 0.016074080020189285 0.9917288422584534 0.0 0.0 0.0 0.0 1.0 
1.0 0.0 0.0 0.0 0.0 1.0 0.0 0.0 0.0 0.0 1.0 0.0 0.0 0.0 0.0 1.0 
0.9999765157699585 -0.0007539540529251099 0.0068105715326964855 0.0 0.00027045217575505376 0.9974964261054993 0.07071662694215775 0.0 -0.0068468376994132996 -0.07071312516927719 0.9974731802940369 0.0 0.0 0.0 0.0 1.0 
0.9751673936843872 -0.2214680165052414 0.0006573581486009061 0.0 0.221467986702919 0.9751676321029663 0.00012140476610511541 0.0 -0.0006679216166958213 2.7193795176572166e-05 0.9999997615814209 0.0 0.0 0.0 0.0 1.0 
0.9964144229888916 0.08460310101509094 -0.0007730858633294702 0.0 -0.08460449427366257 0.9964126348495483 -0.0019870789255946875 0.0 0.0006021994631737471 0.002045360626652837 0.9999977350234985 0.0 0.0 0.0 0.0 1.0 
1.0 0.0 0.0 -6.713097352273469e-20 0.0 1.0 0.0 0.015811458230018616 0.0 0.0 1.0 0.0008220456074923277 0.0 0.0 0.0 1.0 
1.0 -6.367603333501393e-08 -4.270717113286082e-09 0.0 6.367603333501393e-08 0.9910436868667603 0.13353827595710754 0.0 -4.270719777821341e-09 -0.13353827595710754 0.9910436868667603 0.0 0.0 0.0 0.0 1.0 
0.9962033033370972 -0.00866140890866518 0.08662544935941696 0.0 -0.008660380728542805 0.9802430868148804 0.1976068615913391 0.0 -0.08662555366754532 -0.19760681688785553 0.9764463901519775 0.0 0.0 0.0 0.0 1.0 
0.8872302174568176 0.4102061986923218 -0.21107685565948486 0.0 -0.4102061986923218 0.9108380675315857 0.04587941989302635 0.0 0.21107685565948486 0.04587941616773605 0.9763921499252319 0.0 0.0 0.0 0.0 1.0 
1.0 0.0 0.0 0.0 0.0 1.0 0.0 0.0 0.0 0.0 1.0 0.0 0.0 0.0 0.0 1.0 
0.9986438751220703 0.01021426822990179 0.0510496161878109 0.0 0.017715439200401306 0.855377733707428 -0.5177016854286194 0.0 -0.04895465075969696 0.5179039835929871 0.854036808013916 0.0 0.0 0.0 0.0 1.0 
0.6095402240753174 0.7927518486976624 -0.002288993913680315 0.0 -0.7927513718605042 0.6095436811447144 0.0013370076194405556 0.0 0.002455156994983554 0.0009996428852900863 0.9999964833259583 0.0 0.0 0.0 0.0 1.0 
0.9878990054130554 -0.15509071946144104 0.001548842410556972 0.0 0.1550954133272171 0.9878929257392883 -0.003597788978368044 0.0 -0.0009721068199723959 0.0037944705691188574 0.999992311000824 0.0 0.0 0.0 0.0 1.0 
0.9949479699134827 0.011523931287229061 0.09972843527793884 0.0 0.011525128036737442 0.9737106561660767 -0.22749651968479156 0.0 -0.0997283011674881 0.22749657928943634 0.9686586260795593 0.0 0.0 0.0 0.0 1.0 
0.9690195322036743 -0.21961508691310883 0.11300577223300934 0.0 0.21961508691310883 0.9755051732063293 0.012604142539203167 0.0 -0.11300577223300934 0.01260411273688078 0.993514358997345 0.0 0.0 0.0 0.0 1.0 
1.0 0.0 0.0 0.0 0.0 1.0 0.0 0.0 0.0 0.0 1.0 0.0 0.0 0.0 0.0 1.0 
0.9999462366104126 -0.0013286520261317492 0.010286794975399971 0.0 0.00022076685854699463 0.9942632913589478 0.10695992410182953 0.0 -0.010369895026087761 -0.10695189982652664 0.9942101240158081 0.0 0.0 0.0 0.0 1.0 
0.9756278991699219 -0.21943047642707825 0.0006513448897749186 0.0 0.21943044662475586 0.975628137588501 0.00011957660899497569 0.0 -0.0006617091712541878 2.6262609026161954e-05 0.9999997615814209 0.0 0.0 0.0 0.0 1.0 
0.9812085032463074 0.19293975830078125 -0.0020159846171736717 0.0 -0.19294704496860504 0.9811990857124329 -0.004445397295057774 0.0 0.001120388275012374 0.004750839900225401 0.9999880790710449 0.0 0.0 0.0 0.0 1.0 
1.0 0.0 0.0 -6.713097352273469e-20 0.0 1.0 0.0 0.004671569913625717 0.0 0.0 1.0 0.00024287705309689045 0.0 0.0 0.0 1.0 
1.0 -6.367603333501393e-08 -4.270717113286082e-09 0.0 6.367603333501393e-08 0.9910436868667603 0.13353827595710754 0.0 -4.270719777821341e-09 -0.13353827595710754 0.9910436868667603 0.0 0.0 0.0 0.0 1.0 
0.9945035576820374 -0.012538941577076912 0.10394943505525589 0.0 -0.012537705712020397 0.9713980555534363 0.23712585866451263 0.0 -0.10394958406686783 -0.23712579905986786 0.9659015536308289 0.0 0.0 0.0 0.0 1.0 
0.8768671751022339 0.4274615943431854 -0.21995583176612854 0.0 -0.4274615943431854 0.9026444554328918 0.05009553208947182 0.0 0.21995583176612854 0.05009553208947182 0.974222719669342 0.0 0.0 0.0 0.0 1.0 
1.0 0.0 0.0 0.0 0.0 1.0 0.0 0.0 0.0 0.0 1.0 0.0 0.0 0.0 0.0 1.0 
0.99844890832901 0.011984213255345821 0.0543704591691494 0.0 0.019960978999733925 0.8345852494239807 -0.5505170822143555 0.0 -0.05197430029511452 0.5507484674453735 0.8330515027046204 0.0 0.0 0.0 0.0 1.0 
0.7002339363098145 0.7139104604721069 -0.0020722541958093643 0.0 -0.7139101028442383 0.7002366185188293 0.0010488711996003985 0.0 0.0021998684387654066 0.0007449477561749518 0.9999973177909851 0.0 0.0 0.0 0.0 1.0 
0.9989506602287292 -0.045797448605298996 0.0003972132399212569 0.0 0.04579785466194153 0.9989501237869263 -0.0010829075472429395 0.0 -0.0003472018288448453 0.001099962741136551 0.9999993443489075 0.0 0.0 0.0 0.0 1.0 
0.9930158257484436 0.01593135856091976 0.1169007420539856 0.0 0.015932759270071983 0.9636563658714294 -0.2666693329811096 0.0 -0.11690054833889008 0.2666694223880768 0.956672191619873 0.0 0.0 0.0 0.0 1.0 
0.9742182493209839 -0.20060749351978302 0.10322515666484833 0.0 0.20060749351978302 0.9796155691146851 0.010489096865057945 0.0 -0.10322515666484833 0.010489067062735558 0.9946026802062988 0.0 0.0 0.0 0.0 1.0 
1.0 0.0 0.0 0.0 0.0 1.0 0.0 0.0 0.0 0.0 1.0 0.0 0.0 0.0 0.0 1.0 
0.9999269843101501 -0.001653545768931508 0.011968150734901428 0.0 0.00015033494855742902 0.9922162890434265 0.12452645599842072 0.0 -0.012080904096364975 -0.12451557070016861 0.9921441078186035 0.0 0.0 0.0 0.0 1.0 
0.9757965207099915 -0.2186795473098755 0.0006491284584626555 0.0 0.2186795175075531 0.9757966995239258 0.0001189062386401929 0.0 -0.0006594197475351393 2.592280179669615e-05 0.9999997615814209 0.0 0.0 0.0 0.0 1.0 
0.9594810009002686 0.28175443410873413 -0.003255636664107442 0.0 -0.28177013993263245 0.9594606757164001 -0.006385505199432373 0.0 0.001324511133134365 0.007044111844152212 0.9999743103981018 0.0 0.0 0.0 0.0 1.0 
1.0 0.0 0.0 0.0 0.0 1.0 0.0 0.007018578238785267 0.0 0.0 1.0 0.00036489940248429775 0.0 0.0 0.0 1.0 
1.0 -6.367603333501393e-08 -4.270717113286082e-09 0.0 6.367603333501393e-08 0.9910436868667603 0.13353827595710754 0.0 -4.270719777821341e-09 -0.13353827595710754 0.9910436868667603 0.0 0.0 0.0 0.0 1.0 
0.9946556091308594 -0.012192043475806713 0.1025259867310524 0.0 -0.012190824374556541 0.9721893668174744 0.2338787168264389 0.0 -0.10252612829208374 -0.23387864232063293 0.9668449759483337 0.0 0.0 0.0 0.0 1.0 
0.8777409791946411 0.42604130506515503 -0.21922501921653748 0.0 -0.42604130506515503 0.9033353328704834 0.049740057438611984 0.0 0.21922503411769867 0.0497400276362896 0.9744056463241577 0.0 0.0 0.0 0.0 1.0 
1.0 0.0 0.0 0.0 0.0 1.0 0.0 0.0 0.0 0.0 1.0 0.0 0.0 0.0 0.0 1.0 
0.9986582398414612 0.01008494384586811 0.050794195383787155 0.0 0.01754947006702423 0.8569067716598511 -0.5151726007461548 0.0 -0.048721376806497574 0.5153727531433105 0.8555799722671509 0.0 0.0 0.0 0.0 1.0 
0.7849576473236084 0.6195467710494995 -0.0018079130677506328 0.0 -0.6195464730262756 0.7849595546722412 0.0007753215031698346 0.0 0.0018994866404682398 0.000511491612996906 0.9999980926513672 0.0 0.0 0.0 0.0 1.0 
0.9999754428863525 0.0070077208802104 -5.636877176584676e-05 0.0 -0.007007711101323366 0.9999754428863525 0.00016720712301321328 0.0 5.75391277379822e-05 -0.00016680800763424486 1.0 0.0 0.0 0.0 0.0 1.0 
0.9931869506835938 0.015540934167802334 0.11549076437950134 0.0 0.015542319044470787 0.9645470380783081 -0.26345303654670715 0.0 -0.11549057811498642 0.26345309615135193 0.9577339887619019 0.0 0.0 0.0 0.0 1.0 
0.9738059043884277 -0.2021843045949936 0.10403654724359512 0.0 0.2021843045949936 0.9792895317077637 0.010656849481165409 0.0 -0.10403654724359512 0.010656848549842834 0.9945163726806641 0.0 0.0 0.0 0.0 1.0 
1.0 0.0 0.0 0.0 0.0 1.0 0.0 0.0 0.0 0.0 1.0 0.0 0.0 0.0 0.0 1.0 
0.9999643564224243 -0.0009980694158002734 0.008384482935070992 0.0 0.00026387846446596086 0.996198296546936 0.08711401373147964 0.0 -0.008439553901553154 -0.08710869401693344 0.9961630702018738 0.0 0.0 0.0 0.0 1.0 
0.9312179684638977 -0.36446109414100647 0.001075912150554359 0.0 0.3644610047340393 0.9312186241149902 0.00028329924680292606 0.0 -0.001105161034502089 0.00012831471394747496 0.9999994039535522 0.0 0.0 0.0 0.0 1.0 
0.9419459700584412 0.33573922514915466 -0.004112263675779104 0.0 -0.335761696100235 0.9419168829917908 -0.007529636844992638 0.0 0.0013454154832288623 0.008473251946270466 0.9999632239341736 0.0 0.0 0.0 0.0 1.0 
1.0 0.0 0.0 0.0 0.0 1.0 0.0 0.0 0.0 0.0 1.0 0.0 0.0 0.0 0.0 1.0 
1.0 -6.367603333501393e-08 -4.270717113286082e-09 0.0 6.367603333501393e-08 0.9910436868667603 0.13353827595710754 0.0 -4.270719777821341e-09 -0.13353827595710754 0.9910436868667603 0.0 0.0 0.0 0.0 1.0 
0.9938026666641235 -0.014137820340692997 0.110256128013134 0.0 -0.014136509038507938 0.9677508473396301 0.25151243805885315 0.0 -0.11025629937648773 -0.251512348651886 0.9615534543991089 0.0 0.0 0.0 0.0 1.0 
0.8729459047317505 0.4337608218193054 -0.22319720685482025 0.0 -0.4337608218193054 0.8995441198348999 0.05169088765978813 0.0 0.22319722175598145 0.051690857857465744 0.9734017848968506 0.0 0.0 0.0 0.0 1.0 
1.0 0.0 0.0 0.0 0.0 1.0 0.0 0.0 0.0 0.0 1.0 0.0 0.0 0.0 0.0 1.0 
0.9983779788017273 0.012633144855499268 0.055514395236968994 0.0 0.020773299038410187 0.8270187973976135 -0.5617903470993042 0.0 -0.05300862714648247 0.5620323419570923 0.8254148960113525 0.0 0.0 0.0 0.0 1.0 
0.7350824475288391 0.6779748797416687 -0.0019720899872481823 0.0 -0.6779745817184448 0.7350847721099854 0.0009369612671434879 0.0 0.002084889682009816 0.0006482829921878874 0.999997615814209 0.0 0.0 0.0 0.0 1.0 
1.0 0.0 0.0 0.0 0.0 1.0 0.0 0.0 0.0 0.0 1.0 0.0 0.0 0.0 0.0 1.0 
0.9922303557395935 0.017723029479384422 0.12314530462026596 0.0 0.017724506556987762 0.9595692157745361 -0.28091421723365784 0.0 -0.12314509600400925 0.280914306640625 0.9517995715141296 0.0 0.0 0.0 0.0 1.0 
0.9760130643844604 -0.19358667731285095 0.0996125265955925 0.0 0.19358667731285095 0.9810346364974976 0.009758871048688889 0.0 -0.0996125265955925 0.009758870117366314 0.9949784278869629 0.0 0.0 0.0 0.0 1.0 
1.0 0.0 0.0 0.0 0.0 1.0 0.0 0.0 0.0 0.0 1.0 0.0 0.0 0.0 0.0 1.0 
0.9999215006828308 -0.0017437549540773034 0.01240853313356638 0.0 0.00012683267414104193 0.9916274547576904 0.1291315108537674 0.0 -0.01252981647849083 -0.12911979854106903 0.9915498495101929 0.0 0.0 0.0 0.0 1.0 
0.9758205413818359 -0.21857227385044098 0.0006488118669949472 0.0 0.2185722440481186 0.975820779800415 0.00011881062528118491 0.0 -0.0006590927951037884 2.587440758361481e-05 0.9999997615814209 0.0 0.0 0.0 0.0 1.0 
0.9480211138725281 0.31818440556526184 -0.003824832383543253 0.0 -0.3182045519351959 0.9479950666427612 -0.007160604931414127 0.0 0.0013475295854732394 0.008005484007298946 0.9999670386314392 0.0 0.0 0.0 0.0 1.0 
1.0 0.0 0.0 0.0 0.0 1.0 0.0 0.022459452971816063 0.0 0.0 1.0 0.0011676782742142677 0.0 0.0 0.0 1.0 
1.0 -6.367603333501393e-08 -4.270717113286082e-09 0.0 6.367603333501393e-08 0.9910436868667603 0.13353827595710754 0.0 -4.270719777821341e-09 -0.13353827595710754 0.9910436868667603 0.0 0.0 0.0 0.0 1.0 
0.9966428279876709 -0.0076587083749473095 0.08151313662528992 0.0 -0.007657741196453571 0.9825303554534912 0.18594487011432648 0.0 -0.08151322603225708 -0.1859448254108429 0.9791731834411621 0.0 0.0 0.0 0.0 1.0 
0.8901790976524353 0.40512344241142273 -0.2084614634513855 0.0 -0.40512344241142273 0.9131696224212646 0.04467971250414848 0.0 0.2084614634513855 0.044679682701826096 0.9770094752311707 0.0 0.0 0.0 0.0 1.0 
1.0 0.0 0.0 0.0 0.0 1.0 0.0 0.0 0.0 0.0 1.0 0.0 0.0 0.0 0.0 1.0 
0.9992414116859436 0.004958549980074167 0.038627296686172485 0.0 0.010665416717529297 0.9190977811813354 -0.39388513565063477 0.0 -0.03745536133646965 0.39399832487106323 0.9183476567268372 0.0 0.0 0.0 0.0 1.0 
0.879766047000885 0.47540491819381714 -0.0013968751300126314 0.0 -0.4754047691822052 0.879767119884491 0.00046101154293864965 0.0 0.0014480919344350696 0.0002584986505098641 0.999998927116394 0.0 0.0 0.0 0.0 1.0 
0.999748170375824 0.022439049556851387 -0.00017636839766055346 0.0 -0.022438952699303627 0.9997480511665344 0.0005368116544559598 0.0 0.00018836950766853988 -0.0005327189574018121 0.9999998211860657 0.0 0.0 0.0 0.0 1.0 
0.9954560995101929 0.010364783927798271 0.09465570747852325 0.0 0.010365920141339302 0.9763549566268921 -0.2159249186515808 0.0 -0.0946555808186531 0.2159249633550644 0.971811056137085 0.0 0.0 0.0 0.0 1.0 
0.9674109220504761 -0.22515252232551575 0.1158551424741745 0.0 0.22515252232551575 0.9742333292961121 0.013258581049740314 0.0 -0.1158551424741745 0.01325858011841774 0.9931776523590088 0.0 0.0 0.0 0.0 1.0 
1.0 0.0 0.0 0.0 0.0 1.0 0.0 0.0 0.0 0.0 1.0 0.0 0.0 0.0 0.0 1.0 
0.9999982118606567 0.00012371587217785418 -0.001899546361528337 0.0 -0.00016103076632134616 0.9998067617416382 -0.019656533375382423 0.0 0.0018967475043609738 0.019656803458929062 0.9998049736022949 0.0 0.0 0.0 0.0 1.0 
0.7498974204063416 -0.661551296710968 0.0019264287548139691 0.0 0.6615509986877441 0.7498996257781982 0.0008890650933608413 0.0 -0.002032790333032608 0.0006077233119867742 0.9999977350234985 0.0 0.0 0.0 0.0 1.0 
0.9274073243141174 0.37402263283729553 -0.004769836086779833 0.0 -0.3740507662296295 0.9273709058761597 -0.008323944173753262 0.0 0.0013100635260343552 0.009503846988081932 0.9999539852142334 0.0 0.0 0.0 0.0 1.0 
1.0 0.0 0.0 0.0 0.0 1.0 0.0 0.037900324910879135 0.0 0.0 1.0 0.0019704571459442377 0.0 0.0 0.0 1.0 
1.0 -6.367603333501393e-08 -4.270717113286082e-09 0.0 6.367603333501393e-08 0.9910436868667603 0.13353827595710754 0.0 -4.270719777821341e-09 -0.13353827595710754 0.9910436868667603 0.0 0.0 0.0 0.0 1.0 
0.9987213015556335 -0.002917205449193716 0.050470203161239624 0.0 -0.002916610101237893 0.9933460354804993 0.11513080447912216 0.0 -0.05047024041414261 -0.11513078957796097 0.9920673370361328 0.0 0.0 0.0 0.0 1.0 
0.9070950150489807 0.3742820620536804 -0.19259165227413177 0.0 -0.3742820620536804 0.9265442490577698 0.037797607481479645 0.0 0.19259165227413177 0.03779757767915726 0.9805507659912109 0.0 0.0 0.0 0.0 1.0 
1.0 0.0 0.0 0.0 0.0 1.0 0.0 0.0 0.0 0.0 1.0 0.0 0.0 0.0 0.0 1.0 
0.999743640422821 0.0009580818586982787 0.02262243814766407 0.0 0.004322153050452471 0.9726584553718567 -0.23220005631446838 0.0 -0.022226372733712196 0.2322382926940918 0.972404956817627 0.0 0.0 0.0 0.0 1.0 
0.9495764374732971 0.31353428959846497 -0.0009274634649045765 0.0 -0.3135342001914978 0.9495768547058105 0.00021769395971205086 0.0 0.0009489523363299668 8.40744687593542e-05 0.9999995231628418 0.0 0.0 0.0 0.0 1.0 
0.9992815256118774 0.037898700684309006 -0.00029089266899973154 0.0 -0.03789842128753662 0.9992811679840088 0.0009090355597436428 0.0 0.0003251348389312625 -0.0008973580552265048 0.9999995231628418 0.0 0.0 0.0 0.0 1.0 
0.9979515075683594 0.004672535695135593 0.06380386650562286 0.0 0.004673303570598364 0.9893403053283691 -0.14554694294929504 0.0 -0.06380381435155869 0.14554695785045624 0.9872918128967285 0.0 0.0 0.0 0.0 1.0 
0.9569209814071655 -0.25817427039146423 0.1328468769788742 0.0 0.25817427039146423 0.9659394025802612 0.017526334151625633 0.0 -0.1328468918800354 0.017526332288980484 0.9909815788269043 0.0 0.0 0.0 0.0 1.0 
1.0 0.0 0.0 0.0 0.0 1.0 0.0 0.0 0.0 0.0 1.0 0.0 0.0 0.0 0.0 1.0 
0.9998796582221985 -8.268727833637968e-05 -0.015514407306909561 0.0 -0.0023961516562849283 0.9871643781661987 -0.15968956053256989 0.0 0.015328474342823029 0.15970751643180847 0.9870453476905823 0.0 0.0 0.0 0.0 1.0 
0.4758758246898651 -0.879508912563324 0.0025204287376254797 0.0 0.8795082569122314 0.47588050365448 0.001755419885739684 0.0 -0.00274333031848073 0.0013813755940645933 0.9999952912330627 0.0 0.0 0.0 0.0 1.0 
0.9112759828567505 0.4117599129676819 -0.0054609267972409725 0.0 -0.4117943048477173 0.9112314581871033 -0.0090923011302948 0.0 0.0012323224218562245 0.010534374043345451 0.999943733215332 0.0 0.0 0.0 0.0 1.0 
1.0 0.0 0.0 -6.713097352273469e-20 0.0 1.0 0.0 0.044918905943632126 0.0 0.0 1.0 0.0023353565484285355 0.0 0.0 0.0 1.0 
1.0 -6.367603333501393e-08 -4.270717113286082e-09 0.0 6.367603333501393e-08 0.9910436868667603 0.13353827595710754 0.0 -4.270719777821341e-09 -0.13353827595710754 0.9910436868667603 0.0 0.0 0.0 0.0 1.0 
0.9999147057533264 -0.00019461823103483766 0.013058368116617203 0.0 -0.0001944708201335743 0.9995561838150024 0.02978825941681862 0.0 -0.013058370910584927 -0.02978825755417347 0.9994709491729736 0.0 0.0 0.0 0.0 1.0 
0.9254227876663208 0.3369453549385071 -0.1733795702457428 0.0 -0.3369453549385071 0.9410352110862732 0.030341118574142456 0.0 0.173379585146904 0.03034108690917492 0.9843875765800476 0.0 0.0 0.0 0.0 1.0 
1.0 0.0 0.0 0.0 0.0 1.0 0.0 0.0 0.0 0.0 1.0 0.0 0.0 0.0 0.0 1.0 
0.9999694228172302 -0.0002695849980227649 0.007815767079591751 0.0 0.0008993940427899361 0.9967387914657593 -0.08069082349538803 0.0 -0.007768525276333094 0.08069539070129395 0.9967085123062134 0.0 0.0 0.0 0.0 1.0 
0.9727246165275574 0.23196183145046234 -0.000688312342390418 0.0 -0.23196180164813995 0.9727249145507812 0.0001310333755100146 0.0 0.0006999333272688091 3.2202773581957445e-05 0.9999997615814209 0.0 0.0 0.0 0.0 1.0 
0.9989882707595825 0.0449695810675621 -0.00034137137117795646 0.0 -0.044969189912080765 0.9989877939224243 0.0010799303418025374 0.0 0.00038958986988291144 -0.001063486677594483 0.9999993443489075 0.0 0.0 0.0 0.0 1.0 
0.9996481537818909 0.0008024596027098596 0.026512760668992996 0.0 0.0008027820149436593 0.9981690645217896 -0.06047993153333664 0.0 -0.0265127494931221 0.06047993525862694 0.9978172183036804 0.0 0.0 0.0 0.0 1.0 
0.9426177740097046 -0.29687637090682983 0.1527615785598755 0.0 0.29687637090682983 0.9546304941177368 0.02334546484053135 0.0 -0.1527615785598755 0.0233454629778862 0.9879872798919678 0.0 0.0 0.0 0.0 1.0 
1.0 0.0 0.0 0.0 0.0 1.0 0.0 0.0 0.0 0.0 1.0 0.0 0.0 0.0 0.0 1.0 
0.9995760321617126 -0.0022129209246486425 -0.029032539576292038 0.0 -0.006519149988889694 0.954784631729126 -0.29722675681114197 0.0 0.028377562761306763 0.29729002714157104 0.9543654322624207 0.0 0.0 0.0 0.0 1.0 
0.33447176218032837 -0.9424019455909729 0.0026785803493112326 0.0 0.942401111125946 0.3344776928424835 0.002191947540268302 0.0 -0.002961620921269059 0.0017911525210365653 0.9999940395355225 0.0 0.0 0.0 0.0 1.0 
0.9034255146980286 0.4287060499191284 -0.00578572042286396 0.0 -0.42874348163604736 0.9033770561218262 -0.009432408027350903 0.0 0.0011829566210508347 0.011002067476511002 0.9999387860298157 0.0 0.0 0.0 0.0 1.0 
1.0 0.0 0.0 -6.713097352273469e-20 0.0 1.0 0.0 0.04024733975529671 0.0 0.0 1.0 0.002092479495331645 0.0 0.0 0.0 1.0 
1.0 -6.367603333501393e-08 -4.270717113286082e-09 0.0 6.367603333501393e-08 0.9910436868667603 0.13353827595710754 0.0 -4.270719777821341e-09 -0.13353827595710754 0.9910436868667603 0.0 0.0 0.0 0.0 1.0 
0.9996481537818909 -0.000802458031103015 -0.02651277929544449 0.0 -0.0008027843432500958 0.9981690645217896 -0.060479916632175446 0.0 0.026512768119573593 0.060479920357465744 0.9978172183036804 0.0 0.0 0.0 0.0 1.0 
0.9426177740097046 0.2968764305114746 -0.1527615785598755 0.0 -0.2968764305114746 0.9546304941177368 0.02334548346698284 0.0 0.15276159346103668 0.023345453664660454 0.9879872798919678 0.0 0.0 0.0 0.0 1.0 
1.0 0.0 0.0 0.0 0.0 1.0 0.0 0.0 0.0 0.0 1.0 0.0 0.0 0.0 0.0 1.0 
0.9999975562095642 0.00018930144142359495 -0.0021902143489569426 0.0 -0.0001395350118400529 0.999742329120636 0.022700050845742226 0.0 0.0021939470898360014 -0.022699691355228424 0.999739944934845 0.0 0.0 0.0 0.0 1.0 
0.974264919757843 0.22540493309497833 -0.0006689741858281195 0.0 -0.22540488839149475 0.9742651581764221 0.00012497520947363228 0.0 0.000679928227327764 2.903112726926338e-05 0.9999997615814209 0.0 0.0 0.0 0.0 1.0 
0.9998385906219482 0.017967071384191513 -0.00014214935072232038 0.0 -0.01796700805425644 0.9998384714126587 0.0004295214603189379 0.0 0.00014984363224357367 -0.0004268981283530593 0.9999998807907104 0.0 0.0 0.0 0.0 1.0 
0.9999147057533264 0.0001946196862263605 -0.0130583755671978 0.0 0.00019446936494205147 0.9995561838150024 0.029788242653012276 0.0 0.013058378361165524 -0.029788240790367126 0.9994709491729736 0.0 0.0 0.0 0.0 1.0 
0.9254227876663208 -0.3369453549385071 0.1733795553445816 0.0 0.3369453549385071 0.9410352110862732 0.030341099947690964 0.0 -0.1733795702457428 0.030341099947690964 0.9843875765800476 0.0 0.0 0.0 0.0 1.0 
1.0 0.0 0.0 0.0 0.0 1.0 0.0 0.0 0.0 0.0 1.0 0.0 0.0 0.0 0.0 1.0 
0.9991998672485352 -0.00531233474612236 -0.03964054957032204 0.0 -0.011166363023221493 0.9146720170974731 -0.4040425717830658 0.0 0.03840450942516327 0.4041619300842285 0.9138808250427246 0.0 0.0 0.0 0.0 1.0 
0.3602627217769623 -0.9328470826148987 0.0026554318610578775 0.0 0.9328462481498718 0.36026841402053833 0.002112728077918291 0.0 -0.0029275203123688698 0.001715972670353949 0.9999942183494568 0.0 0.0 0.0 0.0 1.0 
0.9205107688903809 0.39068424701690674 -0.005069538485258818 0.0 -0.3907150328159332 0.9204708933830261 -0.00866505317389965 0.0 0.0012810630723834038 0.009957020170986652 0.9999496340751648 0.0 0.0 0.0 0.0 1.0 
1.0 0.0 0.0 -6.713097352273469e-20 0.0 1.0 0.0 0.02910744957625866 0.0 0.0 1.0 0.0015133109409362078 0.0 0.0 0.0 1.0 
1.0 -6.367603333501393e-08 -4.270717113286082e-09 0.0 6.367603333501393e-08 0.9910436868667603 0.13353827595710754 0.0 -4.270719777821341e-09 -0.13353827595710754 0.9910436868667603 0.0 0.0 0.0 0.0 1.0 
0.9979515075683594 -0.00467253290116787 -0.06380385160446167 0.0 -0.0046733058989048 0.9893403053283691 -0.14554697275161743 0.0 0.06380379945039749 0.14554698765277863 0.9872918128967285 0.0 0.0 0.0 0.0 1.0 
0.9569209814071655 0.25817421078681946 -0.132846862077713 0.0 -0.25817421078681946 0.9659394025802612 0.01752634346485138 0.0 0.1328468769788742 0.017526311799883842 0.9909815788269043 0.0 0.0 0.0 0.0 1.0 
1.0 0.0 0.0 0.0 0.0 1.0 0.0 0.0 0.0 0.0 1.0 0.0 0.0 0.0 0.0 1.0 
0.9999663233757019 0.0009598234319128096 -0.008148807100951672 0.0 -0.00026653072563931346 0.996410071849823 0.08465730398893356 0.0 0.008200809359550476 -0.08465228229761124 0.9963768124580383 0.0 0.0 0.0 0.0 1.0 
0.9751717448234558 0.22144894301891327 -0.0006573020364157856 0.0 -0.22144891321659088 0.9751719832420349 0.00012138763122493401 0.0 0.0006678636418655515 2.7185038561583497e-05 0.9999997615814209 0.0 0.0 0.0 0.0 1.0 
0.9986975789070129 -0.051019616425037384 0.00044577784137800336 0.0 0.051020123064517975 0.9986969232559204 -0.0012052498059347272 0.0 -0.0003837055410258472 0.0012264236574992537 0.9999991655349731 0.0 0.0 0.0 0.0 1.0 
0.9987213015556335 0.002917207544669509 -0.05047021061182022 0.0 0.0029166103340685368 0.9933460354804993 0.11513083428144455 0.0 0.050470247864723206 -0.11513081938028336 0.9920673370361328 0.0 0.0 0.0 0.0 1.0 
0.9070950150489807 -0.3742820620536804 0.19259168207645416 0.0 0.3742820620536804 0.9265442490577698 0.03779759630560875 0.0 -0.19259168207645416 0.03779759630560875 0.9805507659912109 0.0 0.0 0.0 0.0 1.0 
1.0 0.0 0.0 0.0 0.0 1.0 0.0 0.0 0.0 0.0 1.0 0.0 0.0 0.0 0.0 1.0 
0.9988535642623901 -0.008336309343576431 -0.04713892936706543 0.0 -0.015275095589458942 0.8777382969856262 -0.478896826505661 0.0 0.04536787420511246 0.4790678322315216 0.8766046762466431 0.0 0.0 0.0 0.0 1.0 
0.428489625453949 -0.9035429358482361 0.0025821514427661896 0.0 0.9035422205924988 0.4284946918487549 0.001902315765619278 0.0 -0.0028252622578293085 0.0015179608017206192 0.9999948740005493 0.0 0.0 0.0 0.0 1.0 
0.9553477168083191 0.2954636514186859 -0.003465438960120082 0.0 -0.2954809367656708 0.9553253054618835 -0.006678734440356493 0.0 0.0013372984249144793 0.007404484786093235 0.9999716877937317 0.0 0.0 0.0 0.0 1.0 
1.0 0.0 0.0 -6.713097352273469e-20 0.0 1.0 0.0 0.015811456367373466 0.0 0.0 1.0 0.0008220454910770059 0.0 0.0 0.0 1.0 
1.0 -6.367603333501393e-08 -4.270717113286082e-09 0.0 6.367603333501393e-08 0.9910436868667603 0.13353827595710754 0.0 -4.270719777821341e-09 -0.13353827595710754 0.9910436868667603 0.0 0.0 0.0 0.0 1.0 
0.9954560995101929 -0.010364776477217674 -0.09465570747852325 0.0 -0.010365918278694153 0.9763549566268921 -0.21592485904693604 0.0 0.0946555808186531 0.21592490375041962 0.971811056137085 0.0 0.0 0.0 0.0 1.0 
0.9674109220504761 0.22515250742435455 -0.1158551424741745 0.0 -0.22515250742435455 0.9742333292961121 0.013258595019578934 0.0 0.1158551424741745 0.013258565217256546 0.9931776523590088 0.0 0.0 0.0 0.0 1.0 
1.0 0.0 0.0 0.0 0.0 1.0 0.0 0.0 0.0 0.0 1.0 0.0 0.0 0.0 0.0 1.0 
0.9999366402626038 0.0014931944897398353 -0.011158237233757973 0.0 -0.0001880714698927477 0.9932419657707214 0.11606169492006302 0.0 0.011256132274866104 -0.11605224013328552 0.9931793212890625 0.0 0.0 0.0 0.0 1.0 
0.975629448890686 0.21942375600337982 -0.000651325099170208 0.0 -0.21942372620105743 0.9756296277046204 0.0001195706136059016 0.0 0.0006616886821575463 2.625956039992161e-05 0.9999997615814209 0.0 0.0 0.0 0.0 1.0 
0.9897175431251526 -0.14302858710289001 0.001407625270076096 0.0 0.14303258061408997 0.9897124171257019 -0.0033250069245696068 0.0 -0.0009175731102004647 0.003492153948172927 0.9999935030937195 0.0 0.0 0.0 0.0 1.0 
0.9966428279876709 0.007658706046640873 -0.08151312917470932 0.0 0.007657737471163273 0.9825303554534912 0.18594478070735931 0.0 0.08151322603225708 -0.18594473600387573 0.9791731834411621 0.0 0.0 0.0 0.0 1.0 
0.8901790976524353 -0.40512344241142273 0.20846150815486908 0.0 0.40512344241142273 0.9131696224212646 0.044679705053567886 0.0 -0.20846150815486908 0.044679705053567886 0.9770094752311707 0.0 0.0 0.0 0.0 1.0 
1.0 0.0 0.0 0.0 0.0 1.0 0.0 0.0 0.0 0.0 1.0 0.0 0.0 0.0 0.0 1.0 
0.9985893368721008 -0.010707439854741096 -0.0520068034529686 0.0 -0.018345879390835762 0.8495596647262573 -0.5271734595298767 0.0 0.049827560782432556 0.5273838639259338 0.8481647372245789 0.0 0.0 0.0 0.0 1.0 
0.5240404605865479 -0.8516899347305298 0.0024471848737448454 0.0 0.851689338684082 0.5240447521209717 0.0016053569270297885 0.0 -0.002649700501933694 0.0012429687194526196 0.9999957084655762 0.0 0.0 0.0 0.0 1.0 
0.9847452640533447 0.17399325966835022 -0.0017776301829144359 0.0 -0.17399917542934418 0.9847375750541687 -0.004022659733891487 0.0 0.001050583436153829 0.004270601086318493 0.9999903440475464 0.0 0.0 0.0 0.0 1.0 
1.0 0.0 0.0 -6.713097352273469e-20 0.0 1.0 0.0 0.00467156246304512 0.0 0.0 1.0 0.00024287705309689045 0.0 0.0 0.0 1.0 
1.0 -6.367603333501393e-08 -4.270717113286082e-09 0.0 6.367603333501393e-08 0.9910436868667603 0.13353827595710754 0.0 -4.270719777821341e-09 -0.13353827595710754 0.9910436868667603 0.0 0.0 0.0 0.0 1.0 
0.9931869506835938 -0.015540927648544312 -0.11549073457717896 0.0 -0.015542319044470787 0.9645470380783081 -0.26345300674438477 0.0 0.11549054831266403 0.26345309615135193 0.9577339887619019 0.0 0.0 0.0 0.0 1.0 
0.9738059043884277 0.2021843045949936 -0.10403653234243393 0.0 -0.2021843045949936 0.9792895317077637 0.010656864382326603 0.0 0.10403653234243393 0.01065683364868164 0.9945163726806641 0.0 0.0 0.0 0.0 1.0 
1.0 0.0 0.0 0.0 0.0 1.0 0.0 0.0 0.0 0.0 1.0 0.0 0.0 0.0 0.0 1.0 
0.9999234676361084 0.0017118763644248247 -0.01225409284234047 0.0 -0.00013531465083360672 0.9918364882469177 0.12751634418964386 0.0 0.012372348457574844 -0.12750491499900818 0.991760790348053 0.0 0.0 0.0 0.0 1.0 
0.9757966995239258 0.21867862343788147 -0.0006491257809102535 0.0 -0.21867859363555908 0.9757969379425049 0.00011890543828485534 0.0 0.0006594170117750764 2.5922379791154526e-05 0.9999997615814209 0.0 0.0 0.0 0.0 1.0 
0.9711834192276001 -0.23831886053085327 0.0026237936690449715 0.0 0.23833002150058746 0.9711689352989197 -0.005445376969873905 0.0 -0.0012504111509770155 0.005913788452744484 0.9999817609786987 0.0 0.0 0.0 0.0 1.0 
0.9946556091308594 0.012192045338451862 -0.102525994181633 0.0 0.01219082623720169 0.9721893668174744 0.23387876152992249 0.0 0.10252613574266434 -0.23387868702411652 0.9668449759483337 0.0 0.0 0.0 0.0 1.0 
0.8777409791946411 -0.4260413348674774 0.21922510862350464 0.0 0.4260413348674774 0.9033353328704834 0.049740053713321686 0.0 -0.21922510862350464 0.049740053713321686 0.9744055867195129 0.0 0.0 0.0 0.0 1.0 
1.0 0.0 0.0 0.0 0.0 1.0 0.0 0.0 0.0 0.0 1.0 0.0 0.0 0.0 0.0 1.0 
0.9984297156333923 -0.01215958222746849 -0.05468320846557617 0.0 -0.02018103562295437 0.8325377702713013 -0.5536006093025208 0.0 0.05225738510489464 0.553834855556488 0.8309850096702576 0.0 0.0 0.0 0.0 1.0 
0.6310793161392212 -0.7757150530815125 0.002242495771497488 0.0 0.7757145762443542 0.6310825943946838 0.0012689178111031651 0.0 -0.002399518620222807 0.0009387490572407842 0.9999966621398926 0.0 0.0 0.0 0.0 1.0 
0.9980165362358093 0.06294981390237808 -0.0005588778876699507 0.0 -0.06295058131217957 0.9980155229568481 -0.0014840958174318075 0.0 0.0004643452703021467 0.0015163338975980878 0.9999987483024597 0.0 0.0 0.0 0.0 1.0 
# Blender 4.4.3
# www.blender.org
mtllib knight_animated1.mtl
o Knight
v 0.180041 1.611660 -0.100932
v 0.138647 1.333168 -0.126409
v 0.193456 1.611278 0.107093
v 0.131787 1.337625 0.057171
v 0.061280 1.787390 0.030911
v 0.057552 1.793711 -0.053338
v 0.207222 1.221000 -0.136740
v 0.207222 1.226495 0.097153
v 0.278435 1.056082 -0.154415
v 0.278435 1.054251 0.118907
v 0.103354 1.874905 0.076786
v 0.102703 1.884346 -0.072575
v 0.078536 1.997378 0.053214
v 0.070613 2.001569 -0.019458
v 0.106537 1.695226 -0.085738
v 0.102334 1.669583 0.077205
v 0.033071 0.889383 0.087162
v 0.050998 1.126136 0.087162
v 0.033071 0.880225 -0.128373
v 0.050998 1.127662 -0.100899
v 0.207244 0.882140 0.087162
v 0.225171 1.118893 0.087162
v 0.207244 0.872982 -0.128373
v 0.225171 1.120420 -0.100899
v 0.035268 0.633948 0.015349
v 0.035268 0.633948 -0.100824
v 0.151340 0.629122 0.015349
v 0.151340 0.629122 -0.100824
v 0.036033 0.496756 0.015349
v 0.036033 0.496756 -0.100824
v 0.152131 0.500920 0.015349
v 0.152131 0.500920 -0.100824
v 0.023769 0.347921 0.002058
v 0.023769 0.347921 -0.130270
v 0.153847 0.323616 0.002058
v 0.153847 0.323616 -0.130270
v 0.053915 0.088566 0.023355
v 0.053915 0.087040 -0.053881
v 0.118737 0.093695 0.023355
v 0.118737 0.092168 -0.053881
v 0.038847 -0.002861 0.038560
v 0.043523 0.001565 -0.066525
v 0.145139 -0.000371 0.034633
v 0.133815 -0.000403 -0.066525
v 0.046714 0.006443 0.220027
v 0.149394 -0.005997 0.187748
v 0.047032 -0.029633 0.225089
v 0.021297 0.561279 0.032844
v 0.175666 0.562153 0.032844
v 0.140974 1.530319 0.145927
v 0.099941 1.638624 0.145551
v 0.172194 1.533540 -0.132560
v 0.134610 1.633400 -0.132560
v 0.280492 1.651538 0.074195
v 0.211993 1.713122 0.074195
v 0.280492 1.651538 -0.074195
v 0.211993 1.713122 -0.074195
v 0.213685 1.440051 0.069410
v 0.205200 1.422307 -0.062904
v 0.314528 1.473135 0.049499
v 0.314528 1.473135 -0.057963
v 0.266007 1.331620 0.031117
v 0.265450 1.328602 -0.037440
v 0.339012 1.370799 0.031117
v 0.338455 1.367780 -0.037440
v 0.301203 1.265434 0.031184
v 0.301203 1.265434 -0.031183
v 0.374208 1.304612 0.031184
v 0.374208 1.304612 -0.031183
v 0.335812 1.188014 0.035786
v 0.335812 1.188014 -0.035785
v 0.419591 1.232974 0.035786
v 0.419591 1.232974 -0.035785
v 0.407776 1.084907 0.021804
v 0.407776 1.084907 -0.021804
v 0.458823 1.112301 0.021804
v 0.458823 1.112301 -0.021804
v 0.407337 1.039751 0.041226
v 0.407337 1.039751 -0.041358
v 0.491283 1.033065 0.045458
v 0.491283 1.033065 -0.045458
v 0.420836 0.946857 0.018232
v 0.420836 0.946857 -0.018231
v 0.469209 0.944299 0.018232
v 0.469208 0.944299 -0.018231
v 0.368387 1.343706 -0.045597
v 0.274232 1.286963 -0.045597
v 0.272397 1.572178 0.047396
v 0.272397 1.572178 -0.040687
v 0.189523 1.518386 0.072869
v 0.178051 1.503550 -0.045239
v -0.180041 1.611660 -0.100932
v -0.138647 1.333168 -0.126409
v -0.193456 1.611278 0.107093
v -0.131787 1.337625 0.057171
v 0.000000 1.789442 -0.070126
v 0.000000 1.776621 0.057306
v -0.061280 1.787390 0.030911
v -0.057552 1.793711 -0.053338
v 0.000000 1.333168 -0.126409
v 0.000000 1.590433 0.177714
v 0.000000 1.311092 0.119102
v 0.000000 1.557560 -0.192347
v -0.207222 1.221000 -0.136740
v -0.207222 1.226495 0.097153
v 0.000000 1.216686 -0.188188
v 0.000000 1.234825 0.163235
v -0.278435 1.056082 -0.154415
v -0.278435 1.054251 0.118907
v 0.000000 1.017464 -0.239937
v 0.000000 1.024665 0.202620
v 0.000000 1.878824 -0.106759
v 0.000000 1.868303 0.161170
v -0.103354 1.874905 0.076786
v -0.102703 1.884346 -0.072575
v 0.000000 2.020224 -0.053642
v 0.000000 2.023888 0.070127
v -0.078536 1.997378 0.053214
v -0.070613 2.001569 -0.019458
v 0.000000 1.653003 0.121182
v 0.000000 1.697458 -0.114602
v -0.106537 1.695226 -0.085738
v -0.102334 1.669583 0.077205
v -0.033071 0.889383 0.087162
v -0.050998 1.126136 0.087162
v -0.033071 0.880225 -0.128373
v -0.050998 1.127662 -0.100899
v -0.207244 0.882140 0.087162
v -0.225171 1.118893 0.087162
v -0.207244 0.872982 -0.128373
v -0.225171 1.120420 -0.100899
v -0.035268 0.633948 0.015349
v -0.035268 0.633948 -0.100824
v -0.151340 0.629122 0.015349
v -0.151340 0.629122 -0.100824
v -0.036033 0.496756 0.015349
v -0.036033 0.496756 -0.100824
v -0.152131 0.500920 0.015349
v -0.152131 0.500920 -0.100824
v -0.023769 0.347921 0.002058
v -0.023769 0.347921 -0.130270
v -0.153847 0.323616 0.002058
v -0.153847 0.323616 -0.130270
v -0.053915 0.088566 0.023355
v -0.053915 0.087040 -0.053881
v -0.118737 0.093695 0.023355
v -0.118737 0.092168 -0.053881
v -0.038847 -0.002861 0.038560
v -0.043523 0.001565 -0.066525
v -0.145139 -0.000371 0.034633
v -0.133815 -0.000403 -0.066525
v -0.046714 0.006443 0.220027
v -0.149394 -0.005997 0.187748
v -0.047032 -0.029633 0.225089
v -0.021297 0.561279 0.032844
v -0.175666 0.562153 0.032844
v -0.140974 1.530319 0.145927
v -0.099941 1.638624 0.145551
v -0.172194 1.533540 -0.132560
v -0.134610 1.633400 -0.132560
v -0.280492 1.651538 0.074195
v -0.211993 1.713122 0.074195
v -0.280492 1.651538 -0.074195
v -0.211993 1.713122 -0.074195
v -0.213685 1.440051 0.069410
v -0.205200 1.422307 -0.062904
v -0.314528 1.473135 0.049499
v -0.314528 1.473135 -0.057963
v -0.266007 1.331620 0.031117
v -0.265450 1.328602 -0.037440
v -0.339012 1.370799 0.031117
v -0.338455 1.367780 -0.037440
v -0.301203 1.265434 0.031184
v -0.301203 1.265434 -0.031183
v -0.374208 1.304612 0.031184
v -0.374208 1.304612 -0.031183
v -0.335812 1.188014 0.035786
v -0.335812 1.188014 -0.035785
v -0.419591 1.232974 0.035786
v -0.419591 1.232974 -0.035785
v -0.407776 1.084907 0.021804
v -0.407776 1.084907 -0.021804
v -0.458823 1.112301 0.021804
v -0.458823 1.112301 -0.021804
v -0.407337 1.039751 0.041226
v -0.407337 1.039751 -0.041358
v -0.491283 1.033065 0.045458
v -0.491283 1.033065 -0.045458
v -0.420836 0.946857 0.018232
v -0.420836 0.946857 -0.018231
v -0.469209 0.944299 0.018232
v -0.469208 0.944299 -0.018231
v -0.368387 1.343706 -0.045597
v -0.274232 1.286963 -0.045597
v -0.272397 1.572178 0.047396
v -0.272397 1.572178 -0.040687
v -0.189523 1.518386 0.072869
v -0.178051 1.503550 -0.045239
vn 0.2464 0.4113 -0.8776
vn 0.3131 -0.3439 -0.8853
vn 0.9177 0.3973 -0.0093
vn 0.2828 0.4889 0.8252
vn 0.9878 -0.1505 0.0406
vn -0.0000 -0.2819 -0.9594
vn 0.8538 0.5202 0.0193
vn 0.9311 0.3559 0.0800
vn 0.4481 -0.1836 0.8749
vn 0.2938 0.4388 0.8492
vn -0.0000 0.4686 -0.8834
vn 0.1325 -0.9911 0.0161
vn 0.2585 0.2255 0.9393
vn 0.2288 0.2447 -0.9422
vn 0.2588 0.4566 -0.8512
vn 0.5070 -0.6462 0.5704
vn 0.9070 -0.4201 -0.0305
vn 0.3235 0.9460 0.0193
vn 0.9790 0.1798 -0.0964
vn 0.3357 0.4758 0.8130
vn 0.2058 0.6561 0.7261
vn 0.5465 0.8368 -0.0337
vn 0.3056 0.4238 -0.8526
vn -0.9974 0.0726 -0.0031
vn 0.0046 0.1100 -0.9939
vn 0.9974 -0.0726 0.0031
vn -0.0000 -0.0000 1.0000
vn 0.9747 -0.2234 -0.0000
vn 0.0415 0.9991 0.0081
vn 0.9844 0.0061 -0.1761
vn -0.0113 -0.2707 0.9626
vn -0.0046 -0.1112 -0.9938
vn -1.0000 -0.0087 0.0004
vn -0.9966 0.0821 -0.0000
vn -0.9820 0.1888 -0.0000
vn -0.0014 0.2523 0.9677
vn -0.0000 -0.0000 -1.0000
vn -0.0074 0.0933 0.9956
vn -0.0140 -0.0749 0.9971
vn -0.0070 0.1946 -0.9809
vn 1.0000 0.0097 -0.0000
vn 0.9786 0.1744 -0.1096
vn -0.0535 -0.2863 -0.9566
vn 0.9887 -0.1500 -0.0000
vn -0.9933 -0.1153 0.0023
vn -0.0218 -0.9988 -0.0430
vn -0.9870 0.1565 -0.0373
vn -0.9852 0.1680 0.0341
vn 0.0032 0.1460 -0.9893
vn 0.3120 0.1347 0.9405
vn 0.1712 -0.9742 -0.1473
vn -0.0671 0.8475 0.5265
vn 0.9632 0.2683 -0.0169
vn -0.9304 -0.3502 -0.1084
vn 0.0016 -0.2753 0.9614
vn 0.9399 0.3414 -0.0000
vn 0.9334 -0.3588 -0.0000
vn -0.9749 -0.2226 -0.0000
vn -0.9943 -0.0055 -0.1069
vn 0.3538 0.1332 -0.9258
vn 0.6686 0.7436 -0.0000
vn 0.3555 0.1379 0.9245
vn 0.9202 0.3914 -0.0000
vn -0.7176 0.6965 -0.0000
vn 0.9757 0.2182 -0.0175
vn 0.2227 0.1153 0.9680
vn -0.0474 0.1971 -0.9792
vn -0.9459 -0.2975 0.1292
vn -0.8692 -0.4621 0.1758
vn -0.8772 -0.4652 0.1186
vn 0.2296 -0.1186 0.9660
vn 0.1057 -0.1969 -0.9747
vn -0.0257 0.0479 0.9985
vn -0.0004 0.0008 1.0000
vn -0.0926 0.1726 -0.9806
vn 0.6197 0.7839 -0.0395
vn 0.9510 0.3092 -0.0000
vn -0.0257 0.0479 -0.9985
vn 0.8448 0.5352 -0.0000
vn -0.9129 -0.4081 -0.0000
vn -0.1265 0.2358 0.9635
vn -0.8200 -0.5723 -0.0000
vn 0.0526 -0.0980 0.9938
vn 0.0526 -0.0980 -0.9938
vn -0.0671 -0.2502 -0.9659
vn -0.0132 0.3974 -0.9175
vn 0.9254 0.3791 -0.0000
vn -1.0000 0.0097 -0.0000
vn -0.0528 -0.9986 -0.0000
vn 0.9704 -0.2413 -0.0000
vn -0.9896 -0.1438 -0.0000
vn -0.0153 -0.2897 0.9570
vn -0.0490 -0.9904 0.1292
vn 0.9891 0.1473 -0.0000
vn 0.8700 0.4628 0.1697
vn 0.2100 -0.3485 -0.9135
vn -0.9776 -0.2096 0.0172
vn -0.6239 -0.7815 -0.0000
vn 0.5705 -0.7643 -0.3007
vn 0.4644 -0.3255 0.8236
vn 0.9948 -0.1015 -0.0000
vn -0.2464 0.4113 -0.8776
vn -0.2856 -0.3634 -0.8868
vn -0.9177 0.3973 -0.0093
vn -0.2925 0.4789 0.8277
vn -0.9878 -0.1505 0.0406
vn -0.8538 0.5202 0.0193
vn -0.9311 0.3559 0.0800
vn -0.3556 -0.2447 0.9020
vn -0.2938 0.4388 0.8492
vn -0.1325 -0.9911 0.0161
vn -0.3055 0.1754 0.9359
vn -0.2288 0.2447 -0.9422
vn -0.2588 0.4566 -0.8512
vn -0.4075 -0.5699 0.7135
vn -0.8863 -0.4571 -0.0735
vn -0.2682 0.9629 -0.0285
vn -0.9658 0.2589 0.0122
vn -0.5992 0.2667 0.7548
vn -0.1909 0.6673 0.7199
vn -0.5465 0.8368 -0.0337
vn -0.3056 0.4238 -0.8526
vn 0.9971 0.0755 0.0006
vn -0.0046 0.1100 -0.9939
vn -0.9974 -0.0726 0.0031
vn -0.9759 -0.2182 0.0093
vn -0.0415 0.9991 0.0081
vn -0.9844 0.0061 -0.1761
vn 0.0113 -0.2707 0.9626
vn 0.0046 -0.1112 -0.9938
vn 1.0000 -0.0087 0.0004
vn 0.9966 0.0821 -0.0000
vn 0.9820 0.1888 -0.0000
vn -0.0097 0.2323 0.9726
vn -0.0156 0.0836 0.9964
vn -0.0032 -0.0892 0.9960
vn 0.0070 0.1946 -0.9809
vn -0.9629 0.2696 -0.0053
vn 0.0535 -0.2863 -0.9566
vn -0.9887 -0.1500 -0.0000
vn 0.9934 -0.1148 -0.0000
vn 0.0218 -0.9988 -0.0430
vn 0.9926 0.1210 -0.0024
vn 0.9852 0.1680 0.0341
vn 0.0106 0.1336 -0.9910
vn -0.3120 0.1347 0.9405
vn -0.0220 -0.9991 -0.0373
vn 0.0671 0.8475 0.5265
vn -0.9632 0.2683 -0.0169
vn 0.9294 -0.3525 -0.1092
vn -0.0016 -0.2753 0.9614
vn -0.9399 0.3414 -0.0000
vn -0.9334 -0.3588 -0.0000
vn 0.9749 -0.2226 -0.0000
vn 0.9943 -0.0055 -0.1069
vn -0.3538 0.1332 -0.9258
vn -0.6686 0.7436 -0.0000
vn -0.3211 0.3572 0.8771
vn -0.9202 0.3914 -0.0000
vn 0.7176 0.6965 -0.0000
vn -0.9726 0.2327 -0.0000
vn -0.2227 0.1153 0.9680
vn 0.0593 0.1470 -0.9874
vn 0.9459 -0.2975 0.1292
vn 0.8692 -0.4621 0.1758
vn 0.8772 -0.4652 0.1186
vn -0.2296 -0.1186 0.9660
vn -0.1202 -0.1634 -0.9792
vn 0.0257 0.0479 0.9985
vn 0.0004 0.0008 1.0000
vn 0.0926 0.1726 -0.9806
vn -0.6197 0.7839 -0.0395
vn -0.9510 0.3092 -0.0000
vn 0.0257 0.0479 -0.9985
vn -0.8448 0.5352 -0.0000
vn 0.9129 -0.4081 -0.0000
vn 0.1265 0.2358 0.9635
vn 0.8200 -0.5723 -0.0000
vn -0.0526 -0.0980 0.9938
vn -0.0526 -0.0980 -0.9938
vn 0.0671 -0.2502 -0.9659
vn 0.1265 0.2358 -0.9635
vn -0.9254 0.3791 -0.0000
vn 0.0528 -0.9986 -0.0000
vn -0.9704 -0.2413 -0.0000
vn 0.9896 -0.1438 -0.0000
vn 0.0686 -0.2491 0.9661
vn 0.8752 -0.4725 -0.1036
vn -0.9891 0.1473 -0.0000
vn -0.8700 0.4628 0.1697
vn -0.2100 -0.3485 -0.9135
vn 0.9776 -0.2096 0.0172
vn 0.6239 -0.7815 -0.0000
vn -0.7036 -0.3361 -0.6261
vn -0.6931 -0.4789 0.5388
vn -0.9948 -0.1015 -0.0000
vn 0.2245 0.4242 -0.8773
vn 0.2856 -0.3634 -0.8868
vn 0.9240 0.3823 0.0026
vn 0.2925 0.4789 0.8277
vn 0.9760 -0.2084 -0.0633
vn 0.4491 0.0150 -0.8934
vn 0.8295 0.5583 -0.0131
vn 0.8945 0.4469 -0.0061
vn 0.3556 -0.2447 0.9020
vn 0.2903 0.4359 0.8519
vn 0.2302 0.2278 -0.9461
vn 0.1037 -0.9946 -0.0067
vn 0.3055 0.1754 0.9359
vn 0.2597 0.2131 -0.9419
vn 0.4793 0.3086 -0.8216
vn 0.4075 -0.5699 0.7135
vn 0.8863 -0.4571 -0.0735
vn 0.2682 0.9629 -0.0285
vn 0.9658 0.2589 0.0122
vn 0.5992 0.2667 0.7548
vn 0.1909 0.6673 0.7199
vn 0.7562 0.6432 0.1207
vn 0.2398 0.4716 -0.8486
vn -0.9971 0.0755 0.0006
vn 0.9971 -0.0755 -0.0006
vn 0.9759 -0.2182 0.0093
vn -1.0000 -0.0089 -0.0000
vn 0.0097 0.2323 0.9726
vn 0.0156 0.0836 0.9964
vn 0.0032 -0.0892 0.9960
vn 0.0307 0.1640 -0.9860
vn 0.9629 0.2696 -0.0053
vn 0.0251 -0.3167 -0.9482
vn 0.9886 -0.1507 0.0030
vn -0.9934 -0.1148 -0.0000
vn 0.0233 -0.9997 -0.0023
vn -0.9926 0.1210 -0.0024
vn -0.9991 -0.0027 0.0435
vn -0.0106 0.1336 -0.9910
vn 0.0220 -0.9991 -0.0373
vn 0.2286 0.8953 0.3822
vn -0.9294 -0.3525 -0.1092
vn 0.0093 -0.2597 0.9656
vn 0.3111 0.3460 -0.8851
vn 0.3211 0.3572 0.8771
vn -0.5900 0.8025 -0.0886
vn 0.9726 0.2327 -0.0000
vn 0.1890 0.0149 0.9819
vn -0.0593 0.1470 -0.9874
vn -0.9361 -0.3357 0.1050
vn -0.8445 -0.5347 0.0304
vn 0.1434 -0.2673 0.9529
vn 0.1202 -0.1634 -0.9792
vn -0.1139 0.1889 -0.9754
vn -0.0148 0.3952 0.9185
vn -0.0153 -0.2897 -0.9570
vn -0.1265 0.2358 -0.9635
vn -0.0686 -0.2491 0.9661
vn -0.8752 -0.4725 -0.1036
vn 0.1709 -0.3184 -0.9324
vn 0.7036 -0.3361 -0.6261
vn 0.6931 -0.4789 0.5388
vn -0.2245 0.4242 -0.8773
vn -0.3131 -0.3439 -0.8853
vn -0.9240 0.3823 0.0026
vn -0.2828 0.4889 0.8252
vn -0.9760 -0.2084 -0.0633
vn -0.4491 0.0150 -0.8934
vn -0.8295 0.5583 -0.0131
vn -0.8945 0.4469 -0.0061
vn -0.4481 -0.1836 0.8749
vn -0.2903 0.4359 0.8519
vn -0.2302 0.2278 -0.9461
vn -0.1037 -0.9946 -0.0067
vn -0.2585 0.2255 0.9393
vn -0.2597 0.2131 -0.9419
vn -0.4793 0.3086 -0.8216
vn -0.5070 -0.6462 0.5704
vn -0.9070 -0.4201 -0.0305
vn -0.3235 0.9460 0.0193
vn -0.9790 0.1798 -0.0964
vn -0.3357 0.4758 0.8130
vn -0.2058 0.6561 0.7261
vn -0.7562 0.6432 0.1207
vn -0.2398 0.4716 -0.8486
vn 0.9974 0.0726 -0.0031
vn -0.9971 -0.0755 -0.0006
vn -0.9747 -0.2234 -0.0000
vn 1.0000 -0.0089 -0.0000
vn 0.0014 0.2523 0.9677
vn 0.0074 0.0933 0.9956
vn 0.0140 -0.0749 0.9971
vn -0.0307 0.1640 -0.9860
vn -0.9786 0.1744 -0.1096
vn -0.0251 -0.3167 -0.9482
vn -0.9886 -0.1507 0.0030
vn 0.9933 -0.1153 0.0023
vn -0.0233 -0.9997 -0.0023
vn 0.9870 0.1565 -0.0373
vn 0.9991 -0.0027 0.0435
vn -0.0032 0.1460 -0.9893
vn -0.1712 -0.9742 -0.1473
vn -0.2286 0.8953 0.3822
vn 0.9304 -0.3502 -0.1084
vn -0.0093 -0.2597 0.9656
vn -0.3111 0.3460 -0.8851
vn -0.3555 0.1379 0.9245
vn 0.5900 0.8025 -0.0886
vn -0.9757 0.2182 -0.0175
vn -0.1890 0.0149 0.9819
vn 0.0474 0.1971 -0.9792
vn 0.9361 -0.3357 0.1050
vn 0.8445 -0.5347 0.0304
vn -0.1434 -0.2673 0.9529
vn -0.1057 -0.1969 -0.9747
vn 0.1139 0.1889 -0.9754
vn 0.0148 0.3952 0.9185
vn 0.0153 -0.2897 -0.9570
vn 0.0132 0.3974 -0.9175
vn 0.0153 -0.2897 0.9570
vn 0.0490 -0.9904 0.1292
vn -0.1709 -0.3184 -0.9324
vn -0.5705 -0.7643 -0.3007
vn -0.4644 -0.3255 0.8236
vt 0.745617 0.448110
vt 0.717901 0.487662
vt 0.712197 0.438485
vt 0.366183 0.630909
vt 0.343572 0.602872
vt 0.371039 0.593801
vt 0.458092 0.191653
vt 0.579940 0.164366
vt 0.539082 0.251948
vt 0.443547 0.266035
vt 0.378987 0.204007
vt 0.504380 0.400111
vt 0.437518 0.218697
vt 0.510848 0.239307
vt 0.760888 0.381963
vt 0.722225 0.277074
vt 0.764998 0.280500
vt 0.509302 0.313786
vt 0.487278 0.501521
vt 0.428200 0.546302
vt 0.430705 0.465976
vt 0.383679 0.421310
vt 0.383730 0.258437
vt 0.438472 0.474248
vt 0.404883 0.545231
vt 0.393021 0.467601
vt 0.767314 0.223299
vt 0.852458 0.201105
vt 0.787345 0.260682
vt 0.810983 0.177732
vt 0.371985 0.088902
vt 0.480549 0.092645
vt 0.701404 0.227816
vt 0.769318 0.133903
vt 0.362038 0.564694
vt 0.441165 0.609607
vt 0.387503 0.620415
vt 0.471959 0.612315
vt 0.427007 0.610614
vt 0.337981 0.526787
vt 0.368008 0.536300
vt 0.432215 0.609150
vt 0.459074 0.660684
vt 0.439212 0.653350
vt 0.450721 0.680917
vt 0.423361 0.710073
vt 0.421492 0.366300
vt 0.696928 0.394653
vt 0.691576 0.676648
vt 0.630313 0.771970
vt 0.627151 0.666598
vt 0.700557 0.776624
vt 0.654655 0.668242
vt 0.706702 0.672041
vt 0.719977 0.784399
vt 0.661567 0.677768
vt 0.729437 0.674718
vt 0.714794 0.667012
vt 0.665577 0.762571
vt 0.664318 0.665897
vt 0.684945 0.563378
vt 0.721511 0.563865
vt 0.625000 0.500000
vt 0.875000 0.750000
vt 0.625000 0.750000
vt 0.679651 0.531768
vt 0.723130 0.507162
vt 0.702869 0.558803
vt 0.672143 0.565319
vt 0.706828 0.567851
vt 0.675265 0.566902
vt 0.642808 0.505692
vt 0.675739 0.444643
vt 0.677678 0.507935
vt 0.640439 0.563566
vt 0.682021 0.536209
vt 0.666406 0.527350
vt 0.711025 0.531215
vt 0.707022 0.510171
vt 0.708579 0.432525
vt 0.683427 0.334328
vt 0.702090 0.337851
vt 0.705254 0.504784
vt 0.670578 0.439470
vt 0.672301 0.511419
vt 0.711125 0.446437
vt 0.694940 0.425539
vt 0.736480 0.429848
vt 0.717921 0.324021
vt 0.692347 0.278677
vt 0.724234 0.283081
vt 0.672285 0.435851
vt 0.703283 0.331980
vt 0.662555 0.332714
vt 0.685717 0.334846
vt 0.817100 0.274439
vt 0.835567 0.247511
vt 0.834051 0.275233
vt 0.659942 0.296126
vt 0.691576 0.296035
vt 0.375000 0.000000
vt 0.679881 0.294225
vt 0.706860 0.295739
vt 0.716053 0.261037
vt 0.686173 0.247571
vt 0.690191 0.233854
vt 0.815741 0.207165
vt 0.835567 0.197701
vt 0.693641 0.322172
vt 0.644425 0.270827
vt 0.794614 0.480364
vt 0.705680 0.463398
vt 0.720385 0.423051
vt 0.686662 0.503379
vt 0.357220 0.479410
vt 0.310916 0.478512
vt 0.350845 0.436404
vt 0.510914 0.504398
vt 0.488080 0.451902
vt 0.523791 0.475026
vt 0.520173 0.482688
vt 0.455760 0.479329
vt 0.467310 0.427876
vt 0.527719 0.441757
vt 0.516673 0.364514
vt 0.547530 0.389640
vt 0.374072 0.477528
vt 0.321204 0.505838
vt 0.329452 0.461218
vt 0.519961 0.316902
vt 0.550994 0.325721
vt 0.495419 0.416111
vt 0.528978 0.358137
vt 0.522955 0.443679
vt 0.333012 0.407735
vt 0.291931 0.405671
vt 0.320453 0.376354
vt 0.748072 0.428478
vt 0.787753 0.413756
vt 0.781573 0.447520
vt 0.787941 0.360074
vt 0.770094 0.331701
vt 0.795502 0.330049
vt 0.750566 0.391480
vt 0.507696 0.355356
vt 0.542438 0.290577
vt 0.265082 0.333074
vt 0.290814 0.335957
vt 0.539819 0.255849
vt 0.487509 0.191122
vt 0.517311 0.176778
vt 0.515132 0.294502
vt 0.286738 0.320803
vt 0.553618 0.330642
vt 0.528273 0.319978
vt 0.561154 0.312179
vt 0.505437 0.194852
vt 0.511355 0.123056
vt 0.533763 0.173162
vt 0.264963 0.290772
vt 0.300786 0.286257
vt 0.283955 0.311996
vt 0.527536 0.236744
vt 0.555590 0.212362
vt 0.777976 0.320313
vt 0.806210 0.297253
vt 0.478622 0.133524
vt 0.484787 0.086991
vt 0.496781 0.124784
vt 0.786096 0.286080
vt 0.816238 0.245378
vt 0.307037 0.227159
vt 0.320316 0.241999
vt 0.324977 0.200678
vt 0.357461 0.212509
vt 0.333340 0.233337
vt 0.494097 0.136272
vt 0.502263 0.068231
vt 0.803983 0.238571
vt 0.826709 0.230563
vt 0.314344 0.305201
vt 0.293990 0.311987
vt 0.298546 0.296190
vt 0.466281 0.095784
vt 0.471775 0.025575
vt 0.820419 0.184184
vt 0.830667 0.189876
vt 0.446962 0.082343
vt 0.457284 0.065063
vt 0.536347 0.280959
vt 0.559614 0.289475
vt 0.264125 0.316963
vt 0.768488 0.349974
vt 0.309727 0.442928
vt 0.347216 0.633911
vt 0.467633 0.425055
vt 0.432127 0.549655
vt 0.463605 0.560323
vt 0.341049 0.565218
vt 0.686720 0.776738
vt 0.716053 0.763685
vt 0.875000 0.500000
vt 0.669231 0.558060
vt 0.671750 0.500504
vt 0.636020 0.442088
vt 0.683877 0.333616
vt 0.815588 0.247643
vt 0.778558 0.524092
vt 0.499620 0.514406
vt 0.495614 0.426205
vt 0.512513 0.259775
vt 0.278992 0.261902
vt 0.803500 0.217672
vt 0.467079 0.117370
vt 0.736358 0.490555
vt 0.828820 0.284055
vt 0.679834 0.155484
vt 0.648510 0.772825
vt 0.660790 0.782859
vt 0.327049 0.508902
vt 0.483514 0.488041
vt 0.365824 0.522149
vt 0.352491 0.193830
vt 0.309787 0.320998
vt 0.457344 0.036625
s 0
usemtl knight
f 121/1/1 6/2/1 15/3/1
f 6/4/2 112/5/2 12/6/2
f 8/7/3 9/8/3 7/9/3
f 4/10/4 107/11/4 8/7/4
f 1/12/5 4/13/5 2/14/5
f 103/15/6 2/16/6 100/17/6
f 4/10/7 7/9/7 2/18/7
f 15/19/8 5/20/8 16/21/8
f 4/10/9 101/22/9 102/23/9
f 16/24/10 97/25/10 120/26/10
f 2/16/11 106/27/11 100/17/11
f 9/28/12 111/29/12 110/30/12
f 8/7/13 111/31/13 10/32/13
f 7/33/14 110/34/14 106/27/14
f 112/5/15 14/35/15 12/6/15
f 97/25/16 11/36/16 113/37/16
f 5/20/17 12/38/17 11/39/17
f 14/35/18 117/40/18 13/41/18
f 11/42/19 14/43/19 13/44/19
f 113/37/20 13/45/20 117/46/20
f 101/22/21 16/24/21 120/26/21
f 1/12/22 16/21/22 3/47/22
f 103/15/23 15/3/23 1/48/23
f 17/49/24 20/50/24 19/51/24
f 20/52/25 23/53/25 19/54/25
f 24/55/26 21/56/26 23/57/26
f 21/58/27 18/59/27 17/60/27
f 23/57/28 27/61/28 28/62/28
f 24/63/29 18/64/29 22/65/29
f 28/62/30 49/66/30 32/67/30
f 17/60/31 27/68/31 21/58/31
f 19/54/32 28/69/32 26/70/32
f 19/51/33 25/71/33 17/49/33
f 30/72/34 33/73/34 29/74/34
f 25/71/35 26/75/35 48/76/35
f 27/68/36 48/77/36 49/78/36
f 28/69/37 30/79/37 26/70/37
f 35/80/38 37/81/38 39/82/38
f 31/83/39 33/84/39 35/80/39
f 32/85/40 34/86/40 30/79/40
f 32/67/41 35/87/41 36/88/41
f 40/89/42 43/90/42 44/91/42
f 36/92/43 38/93/43 34/86/43
f 35/87/44 40/89/44 36/88/44
f 33/73/45 38/94/45 37/95/45
f 44/96/46 41/97/46 42/98/46
f 37/95/47 42/99/47 41/100/47
f 41/101/48 45/101/48 37/101/48
f 38/93/49 44/102/49 42/103/49
f 46/104/50 45/105/50 47/106/50
f 41/97/51 46/107/51 47/108/51
f 37/81/52 46/104/52 39/82/52
f 43/90/53 39/109/53 46/110/53
f 50/111/54 53/112/54 52/113/54
f 48/77/55 31/83/55 49/78/55
f 49/66/56 28/62/56 27/61/56
f 32/67/57 49/66/57 31/114/57
f 48/76/58 30/72/58 29/74/58
f 30/72/59 48/76/59 26/75/59
f 53/115/60 56/116/60 52/117/60
f 57/118/61 54/119/61 56/120/61
f 54/121/62 51/122/62 50/123/62
f 89/124/63 60/125/63 61/126/63
f 53/127/64 55/128/64 57/129/64
f 61/126/65 64/130/65 65/131/65
f 90/132/66 60/133/66 88/134/66
f 91/135/67 61/136/67 59/137/67
f 91/138/68 58/139/68 90/140/68
f 62/141/69 87/142/69 66/143/69
f 59/144/70 62/141/70 58/139/70
f 58/145/71 64/146/71 60/133/71
f 59/137/72 65/147/72 63/148/72
f 68/149/73 70/150/73 72/151/73
f 62/152/74 68/149/74 64/146/74
f 65/147/75 87/153/75 63/148/75
f 65/154/76 64/155/76 86/156/76
f 72/157/77 77/158/77 73/159/77
f 69/160/78 71/161/78 67/162/78
f 68/163/79 73/159/79 69/164/79
f 67/165/80 70/166/80 66/143/80
f 74/167/81 80/168/81 76/169/81
f 71/170/82 74/171/82 70/166/82
f 70/150/83 76/169/83 72/151/83
f 71/161/84 77/172/84 75/173/84
f 81/174/85 83/175/85 79/176/85
f 75/173/86 81/174/86 79/176/86
f 76/177/87 81/178/87 77/158/87
f 75/179/88 78/180/88 74/171/88
f 85/181/89 82/182/89 83/183/89
f 80/184/90 85/185/90 81/178/90
f 78/180/91 83/186/91 82/187/91
f 80/168/92 82/188/92 84/189/92
f 50/111/93 91/138/93 90/140/93
f 86/156/94 68/190/94 69/191/94
f 68/190/95 86/156/95 64/155/95
f 86/192/96 67/162/96 87/153/96
f 87/142/97 62/141/97 63/193/97
f 66/143/98 87/142/98 67/165/98
f 52/117/99 89/194/99 91/135/99
f 54/121/100 90/132/100 88/134/100
f 54/119/101 89/124/101 56/120/101
f 99/2/102 121/1/102 122/3/102
f 99/4/103 112/5/103 96/195/103
f 108/8/104 105/7/104 104/9/104
f 95/10/105 107/11/105 102/23/105
f 95/13/106 92/12/106 93/14/106
f 93/16/6 103/15/6 100/17/6
f 104/9/107 95/10/107 93/18/107
f 98/20/108 122/19/108 123/21/108
f 95/10/109 101/22/109 94/196/109
f 97/25/110 123/24/110 120/26/110
f 106/27/11 93/16/11 100/17/11
f 111/29/111 108/28/111 110/30/111
f 105/7/112 111/31/112 107/11/112
f 110/34/113 104/33/113 106/27/113
f 119/35/114 112/5/114 115/6/114
f 97/25/115 114/36/115 98/197/115
f 98/20/116 115/38/116 99/198/116
f 119/35/117 117/40/117 116/199/117
f 114/42/118 119/43/118 115/38/118
f 113/37/119 118/45/119 114/36/119
f 101/22/120 123/24/120 94/196/120
f 123/21/121 92/12/121 94/47/121
f 122/3/122 103/15/122 92/48/122
f 124/49/123 127/50/123 125/200/123
f 130/53/124 127/52/124 126/54/124
f 128/56/125 131/55/125 130/57/125
f 128/58/27 125/59/27 129/201/27
f 130/57/126 134/61/126 128/56/126
f 131/63/127 125/64/127 127/202/127
f 135/62/128 139/67/128 156/66/128
f 134/68/129 124/60/129 128/58/129
f 126/54/130 135/69/130 130/53/130
f 132/71/131 126/51/131 124/49/131
f 140/73/132 137/72/132 136/74/132
f 132/71/133 155/76/133 133/75/133
f 134/68/134 155/77/134 132/203/134
f 137/79/37 135/69/37 133/70/37
f 142/80/135 144/81/135 140/84/135
f 138/83/136 140/84/136 136/204/136
f 141/86/137 139/85/137 137/79/137
f 139/67/88 142/87/88 138/114/88
f 147/89/138 150/90/138 146/109/138
f 145/93/139 143/92/139 141/86/139
f 147/89/140 142/87/140 143/88/140
f 140/73/141 145/94/141 141/205/141
f 148/97/142 151/96/142 149/98/142
f 144/95/143 149/99/143 145/94/143
f 152/101/144 148/101/144 144/101/144
f 145/93/145 151/102/145 147/206/145
f 153/104/146 154/106/146 152/105/146
f 148/97/147 153/107/147 150/207/147
f 153/104/148 144/81/148 146/82/148
f 150/90/149 153/110/149 146/109/149
f 157/111/150 160/112/150 158/208/150
f 138/83/151 155/77/151 156/78/151
f 156/66/152 134/61/152 135/62/152
f 139/67/153 138/114/153 156/66/153
f 155/76/154 136/74/154 137/72/154
f 137/72/155 133/75/155 155/76/155
f 163/116/156 160/115/156 159/117/156
f 161/119/157 164/118/157 163/120/157
f 161/121/158 158/122/158 162/209/158
f 196/124/159 167/125/159 195/210/159
f 162/128/160 160/127/160 164/129/160
f 168/126/161 171/130/161 167/125/161
f 167/133/162 197/132/162 195/134/162
f 198/135/163 168/136/163 196/194/163
f 165/139/164 198/138/164 197/140/164
f 169/141/165 173/143/165 194/142/165
f 169/141/166 166/144/166 165/139/166
f 171/146/167 165/145/167 167/133/167
f 166/137/168 172/147/168 168/136/168
f 175/149/169 177/150/169 173/211/169
f 175/149/170 169/152/170 171/146/170
f 194/153/171 172/147/171 170/148/171
f 172/154/172 193/156/172 171/155/172
f 184/158/173 179/157/173 180/159/173
f 178/161/174 176/160/174 174/162/174
f 180/159/175 175/163/175 176/164/175
f 177/166/176 174/165/176 173/143/176
f 187/168/177 181/167/177 183/169/177
f 181/171/178 178/170/178 177/166/178
f 183/169/179 177/150/179 179/151/179
f 178/161/180 184/172/180 180/212/180
f 190/175/181 188/174/181 186/176/181
f 182/173/182 188/174/182 184/172/182
f 188/178/183 183/177/183 184/158/183
f 185/180/41 182/179/41 181/171/41
f 189/182/184 192/181/184 190/183/184
f 192/185/185 187/184/185 188/178/185
f 185/180/186 190/186/186 186/213/186
f 187/168/187 189/188/187 185/214/187
f 157/111/188 198/138/188 159/113/188
f 193/156/189 176/191/189 175/190/189
f 175/190/190 171/155/190 193/156/190
f 174/162/191 193/192/191 194/153/191
f 194/142/192 170/193/192 169/141/192
f 173/143/193 174/165/193 194/142/193
f 159/117/194 196/194/194 163/116/194
f 161/121/195 197/132/195 157/123/195
f 196/124/196 161/119/196 163/120/196
f 121/1/197 96/215/197 6/2/197
f 6/4/198 96/195/198 112/5/198
f 8/7/199 10/32/199 9/8/199
f 4/10/200 102/23/200 107/11/200
f 1/12/201 3/47/201 4/13/201
f 103/15/202 1/48/202 2/16/202
f 4/10/203 8/7/203 7/9/203
f 15/19/204 6/198/204 5/20/204
f 4/10/205 3/196/205 101/22/205
f 16/24/206 5/197/206 97/25/206
f 2/16/207 7/33/207 106/27/207
f 9/28/208 10/216/208 111/29/208
f 8/7/209 107/11/209 111/31/209
f 7/33/210 9/217/210 110/34/210
f 112/5/211 116/199/211 14/35/211
f 97/25/212 5/197/212 11/36/212
f 5/20/213 6/198/213 12/38/213
f 14/35/214 116/199/214 117/40/214
f 11/42/215 12/38/215 14/43/215
f 113/37/216 11/36/216 13/45/216
f 101/22/217 3/196/217 16/24/217
f 1/12/218 15/19/218 16/21/218
f 103/15/219 121/1/219 15/3/219
f 17/49/220 18/200/220 20/50/220
f 20/52/25 24/218/25 23/53/25
f 24/55/221 22/219/221 21/56/221
f 21/58/27 22/201/27 18/59/27
f 23/57/222 21/56/222 27/61/222
f 24/63/29 20/202/29 18/64/29
f 17/60/31 25/203/31 27/68/31
f 19/54/32 23/53/32 28/69/32
f 19/51/223 26/75/223 25/71/223
f 30/72/34 34/205/34 33/73/34
f 27/68/224 25/203/224 48/77/224
f 28/69/37 32/85/37 30/79/37
f 35/80/225 33/84/225 37/81/225
f 31/83/226 29/204/226 33/84/226
f 32/85/227 36/92/227 34/86/227
f 32/67/41 31/114/41 35/87/41
f 40/89/228 39/109/228 43/90/228
f 36/92/229 40/206/229 38/93/229
f 35/87/230 39/109/230 40/89/230
f 33/73/231 34/205/231 38/94/231
f 44/96/232 43/207/232 41/97/232
f 37/95/233 38/94/233 42/99/233
f 41/101/234 47/101/234 45/101/234
f 38/93/235 40/206/235 44/102/235
f 41/97/236 43/207/236 46/107/236
f 37/81/237 45/105/237 46/104/237
f 50/111/238 51/208/238 53/112/238
f 48/77/239 29/204/239 31/83/239
f 53/115/240 57/220/240 56/116/240
f 57/118/61 55/221/61 54/119/61
f 54/121/241 55/209/241 51/122/241
f 89/124/63 88/210/63 60/125/63
f 53/127/242 51/222/242 55/128/242
f 61/126/243 60/125/243 64/130/243
f 90/132/244 58/145/244 60/133/244
f 91/135/245 89/194/245 61/136/245
f 91/138/246 59/144/246 58/139/246
f 59/144/247 63/193/247 62/141/247
f 58/145/248 62/152/248 64/146/248
f 59/137/249 61/136/249 65/147/249
f 68/149/73 66/211/73 70/150/73
f 62/152/74 66/211/74 68/149/74
f 65/147/250 86/192/250 87/153/250
f 72/157/77 76/177/77 77/158/77
f 69/160/78 73/212/78 71/161/78
f 68/163/79 72/157/79 73/159/79
f 67/165/80 71/170/80 70/166/80
f 74/167/251 78/214/251 80/168/251
f 71/170/82 75/179/82 74/171/82
f 70/150/83 74/167/83 76/169/83
f 71/161/84 73/212/84 77/172/84
f 81/174/252 85/223/252 83/175/252
f 75/173/253 77/172/253 81/174/253
f 76/177/87 80/184/87 81/178/87
f 75/179/88 79/213/88 78/180/88
f 85/181/89 84/224/89 82/182/89
f 80/184/90 84/225/90 85/185/90
f 78/180/91 79/213/91 83/186/91
f 80/168/254 78/214/254 82/188/254
f 50/111/255 52/113/255 91/138/255
f 86/192/256 69/160/256 67/162/256
f 52/117/257 56/116/257 89/194/257
f 54/121/258 50/123/258 90/132/258
f 54/119/101 88/210/101 89/124/101
f 99/2/259 96/215/259 121/1/259
f 99/4/260 115/6/260 112/5/260
f 108/8/261 109/32/261 105/7/261
f 95/10/262 105/7/262 107/11/262
f 95/13/263 94/47/263 92/12/263
f 93/16/264 92/48/264 103/15/264
f 104/9/265 105/7/265 95/10/265
f 98/20/266 99/198/266 122/19/266
f 95/10/267 102/23/267 101/22/267
f 97/25/268 98/197/268 123/24/268
f 106/27/269 104/33/269 93/16/269
f 111/29/270 109/216/270 108/28/270
f 105/7/271 109/32/271 111/31/271
f 110/34/272 108/217/272 104/33/272
f 119/35/273 116/199/273 112/5/273
f 97/25/274 113/37/274 114/36/274
f 98/20/275 114/39/275 115/38/275
f 119/35/276 118/41/276 117/40/276
f 114/42/277 118/44/277 119/43/277
f 113/37/278 117/46/278 118/45/278
f 101/22/279 120/26/279 123/24/279
f 123/21/280 122/19/280 92/12/280
f 122/3/281 121/1/281 103/15/281
f 124/49/282 126/51/282 127/50/282
f 130/53/124 131/218/124 127/52/124
f 128/56/283 129/219/283 131/55/283
f 128/58/27 124/60/27 125/59/27
f 130/57/284 135/62/284 134/61/284
f 131/63/127 129/65/127 125/64/127
f 134/68/129 132/203/129 124/60/129
f 126/54/130 133/70/130 135/69/130
f 132/71/285 133/75/285 126/51/285
f 140/73/132 141/205/132 137/72/132
f 134/68/286 156/78/286 155/77/286
f 137/79/37 139/85/37 135/69/37
f 142/80/287 146/82/287 144/81/287
f 138/83/288 142/80/288 140/84/288
f 141/86/289 143/92/289 139/85/289
f 139/67/88 143/88/88 142/87/88
f 147/89/290 151/91/290 150/90/290
f 145/93/291 147/206/291 143/92/291
f 147/89/292 146/109/292 142/87/292
f 140/73/293 144/95/293 145/94/293
f 148/97/294 150/207/294 151/96/294
f 144/95/295 148/100/295 149/99/295
f 152/101/296 154/101/296 148/101/296
f 145/93/297 149/103/297 151/102/297
f 148/97/298 154/108/298 153/107/298
f 153/104/299 152/105/299 144/81/299
f 157/111/300 159/113/300 160/112/300
f 138/83/301 136/204/301 155/77/301
f 163/116/302 164/220/302 160/115/302
f 161/119/157 162/221/157 164/118/157
f 161/121/303 157/123/303 158/122/303
f 196/124/159 168/126/159 167/125/159
f 162/128/304 158/222/304 160/127/304
f 168/126/305 172/131/305 171/130/305
f 167/133/306 165/145/306 197/132/306
f 198/135/307 166/137/307 168/136/307
f 165/139/308 166/144/308 198/138/308
f 169/141/309 170/193/309 166/144/309
f 171/146/310 169/152/310 165/145/310
f 166/137/311 170/148/311 172/147/311
f 175/149/169 179/151/169 177/150/169
f 175/149/170 173/211/170 169/152/170
f 194/153/312 193/192/312 172/147/312
f 184/158/173 183/177/173 179/157/173
f 178/161/174 180/212/174 176/160/174
f 180/159/175 179/157/175 175/163/175
f 177/166/176 178/170/176 174/165/176
f 187/168/313 185/214/313 181/167/313
f 181/171/178 182/179/178 178/170/178
f 183/169/179 181/167/179 177/150/179
f 178/161/180 182/173/180 184/172/180
f 190/175/314 192/223/314 188/174/314
f 182/173/315 186/176/315 188/174/315
f 188/178/183 187/184/183 183/177/183
f 185/180/41 186/213/41 182/179/41
f 189/182/184 191/224/184 192/181/184
f 192/185/185 191/225/185 187/184/185
f 185/180/186 189/187/186 190/186/186
f 187/168/316 191/189/316 189/188/316
f 157/111/317 197/140/317 198/138/317
f 174/162/318 176/160/318 193/192/318
f 159/117/319 198/135/319 196/194/319
f 161/121/320 195/134/320 197/132/320
f 196/124/196 195/210/196 161/119/196
0 0 0 0 1.0 0.0 0.0 0.0 
0 0 0 0 1.0 0.0 0.0 0.0 
0 0 0 0 1.0 0.0 0.0 0.0 
0 0 0 0 1.0 0.0 0.0 0.0 
1 0 0 0 1.0 0.0 0.0 0.0 
1 0 0 0 1.0 0.0 0.0 0.0 
0 0 0 0 1.0 0.0 0.0 0.0 
0 0 0 0 1.0 0.0 0.0 0.0 
0 0 0 0 1.0 0.0 0.0 0.0 
0 0 0 0 1.0 0.0 0.0 0.0 
1 0 0 0 1.0 0.0 0.0 0.0 
1 0 0 0 1.0 0.0 0.0 0.0 
1 0 0 0 1.0 0.0 0.0 0.0 
1 0 0 0 1.0 0.0 0.0 0.0 
0 0 0 0 1.0 0.0 0.0 0.0 
0 0 0 0 1.0 0.0 0.0 0.0 
5 0 0 0 1.0 0.0 0.0 0.0 
5 0 0 0 1.0 0.0 0.0 0.0 
5 0 0 0 1.0 0.0 0.0 0.0 
5 0 0 0 1.0 0.0 0.0 0.0 
5 0 0 0 1.0 0.0 0.0 0.0 
5 0 0 0 1.0 0.0 0.0 0.0 
5 0 0 0 1.0 0.0 0.0 0.0 
5 0 0 0 1.0 0.0 0.0 0.0 
5 0 0 0 1.0 0.0 0.0 0.0 
5 0 0 0 1.0 0.0 0.0 0.0 
5 0 0 0 1.0 0.0 0.0 0.0 
5 0 0 0 1.0 0.0 0.0 0.0 
6 0 0 0 1.0 0.0 0.0 0.0 
6 0 0 0 1.0 0.0 0.0 0.0 
6 0 0 0 1.0 0.0 0.0 0.0 
6 0 0 0 1.0 0.0 0.0 0.0 
6 0 0 0 1.0 0.0 0.0 0.0 
6 0 0 0 1.0 0.0 0.0 0.0 
6 0 0 0 1.0 0.0 0.0 0.0 
6 0 0 0 1.0 0.0 0.0 0.0 
6 0 0 0 1.0 0.0 0.0 0.0 
6 0 0 0 1.0 0.0 0.0 0.0 
6 0 0 0 1.0 0.0 0.0 0.0 
6 0 0 0 1.0 0.0 0.0 0.0 
7 0 0 0 1.0 0.0 0.0 0.0 
7 0 0 0 1.0 0.0 0.0 0.0 
7 0 0 0 1.0 0.0 0.0 0.0 
7 0 0 0 1.0 0.0 0.0 0.0 
7 0 0 0 1.0 0.0 0.0 0.0 
7 0 0 0 1.0 0.0 0.0 0.0 
7 0 0 0 1.0 0.0 0.0 0.0 
5 0 0 0 1.0 0.0 0.0 0.0 
5 0 0 0 1.0 0.0 0.0 0.0 
2 0 0 0 1.0 0.0 0.0 0.0 
2 0 0 0 1.0 0.0 0.0 0.0 
2 0 0 0 1.0 0.0 0.0 0.0 
2 0 0 0 1.0 0.0 0.0 0.0 
2 0 0 0 1.0 0.0 0.0 0.0 
2 0 0 0 1.0 0.0 0.0 0.0 
2 0 0 0 1.0 0.0 0.0 0.0 
2 0 0 0 1.0 0.0 0.0 0.0 
2 0 0 0 1.0 0.0 0.0 0.0 
2 0 0 0 1.0 0.0 0.0 0.0 
2 0 0 0 1.0 0.0 0.0 0.0 
2 0 0 0 1.0 0.0 0.0 0.0 
2 0 0 0 1.0 0.0 0.0 0.0 
2 0 0 0 1.0 0.0 0.0 0.0 
2 0 0 0 1.0 0.0 0.0 0.0 
2 0 0 0 1.0 0.0 0.0 0.0 
3 0 0 0 1.0 0.0 0.0 0.0 
3 0 0 0 1.0 0.0 0.0 0.0 
3 0 0 0 1.0 0.0 0.0 0.0 
3 0 0 0 1.0 0.0 0.0 0.0 
3 0 0 0 1.0 0.0 0.0 0.0 
3 0 0 0 1.0 0.0 0.0 0.0 
3 0 0 0 1.0 0.0 0.0 0.0 
3 0 0 0 1.0 0.0 0.0 0.0 
3 0 0 0 1.0 0.0 0.0 0.0 
3 0 0 0 1.0 0.0 0.0 0.0 
3 0 0 0 1.0 0.0 0.0 0.0 
3 0 0 0 1.0 0.0 0.0 0.0 
4 0 0 0 1.0 0.0 0.0 0.0 
4 0 0 0 1.0 0.0 0.0 0.0 
4 0 0 0 1.0 0.0 0.0 0.0 
4 0 0 0 1.0 0.0 0.0 0.0 
4 0 0 0 1.0 0.0 0.0 0.0 
4 0 0 0 1.0 0.0 0.0 0.0 
4 0 0 0 1.0 0.0 0.0 0.0 
4 0 0 0 1.0 0.0 0.0 0.0 
2 0 0 0 1.0 0.0 0.0 0.0 
2 0 0 0 1.0 0.0 0.0 0.0 
2 0 0 0 1.0 0.0 0.0 0.0 
2 0 0 0 1.0 0.0 0.0 0.0 
2 0 0 0 1.0 0.0 0.0 0.0 
2 0 0 0 1.0 0.0 0.0 0.0 
0 0 0 0 1.0 0.0 0.0 0.0 
0 0 0 0 1.0 0.0 0.0 0.0 
0 0 0 0 1.0 0.0 0.0 0.0 
0 0 0 0 1.0 0.0 0.0 0.0 
1 0 0 0 1.0 0.0 0.0 0.0 
1 0 0 0 1.0 0.0 0.0 0.0 
1 0 0 0 1.0 0.0 0.0 0.0 
1 0 0 0 1.0 0.0 0.0 0.0 
0 0 0 0 1.0 0.0 0.0 0.0 
0 0 0 0 1.0 0.0 0.0 0.0 
0 0 0 0 1.0 0.0 0.0 0.0 
0 0 0 0 1.0 0.0 0.0 0.0 
0 0 0 0 1.0 0.0 0.0 0.0 
0 0 0 0 1.0 0.0 0.0 0.0 
0 0 0 0 1.0 0.0 0.0 0.0 
0 0 0 0 1.0 0.0 0.0 0.0 
0 0 0 0 1.0 0.0 0.0 0.0 
0 0 0 0 1.0 0.0 0.0 0.0 
0 0 0 0 1.0 0.0 0.0 0.0 
0 0 0 0 1.0 0.0 0.0 0.0 
1 0 0 0 1.0 0.0 0.0 0.0 
1 0 0 0 1.0 0.0 0.0 0.0 
1 0 0 0 1.0 0.0 0.0 0.0 
1 0 0 0 1.0 0.0 0.0 0.0 
1 0 0 0 1.0 0.0 0.0 0.0 
1 0 0 0 1.0 0.0 0.0 0.0 
1 0 0 0 1.0 0.0 0.0 0.0 
1 0 0 0 1.0 0.0 0.0 0.0 
0 0 0 0 1.0 0.0 0.0 0.0 
0 0 0 0 1.0 0.0 0.0 0.0 
0 0 0 0 1.0 0.0 0.0 0.0 
0 0 0 0 1.0 0.0 0.0 0.0 
11 0 0 0 1.0 0.0 0.0 0.0 
11 0 0 0 1.0 0.0 0.0 0.0 
11 0 0 0 1.0 0.0 0.0 0.0 
11 0 0 0 1.0 0.0 0.0 0.0 
11 0 0 0 1.0 0.0 0.0 0.0 
11 0 0 0 1.0 0.0 0.0 0.0 
11 0 0 0 1.0 0.0 0.0 0.0 
11 0 0 0 1.0 0.0 0.0 0.0 
11 0 0 0 1.0 0.0 0.0 0.0 
11 0 0 0 1.0 0.0 0.0 0.0 
11 0 0 0 1.0 0.0 0.0 0.0 
11 0 0 0 1.0 0.0 0.0 0.0 
12 0 0 0 1.0 0.0 0.0 0.0 
12 0 0 0 1.0 0.0 0.0 0.0 
12 0 0 0 1.0 0.0 0.0 0.0 
12 0 0 0 1.0 0.0 0.0 0.0 
12 0 0 0 1.0 0.0 0.0 0.0 
12 0 0 0 1.0 0.0 0.0 0.0 
12 0 0 0 1.0 0.0 0.0 0.0 
12 0 0 0 1.0 0.0 0.0 0.0 
12 0 0 0 1.0 0.0 0.0 0.0 
12 0 0 0 1.0 0.0 0.0 0.0 
12 0 0 0 1.0 0.0 0.0 0.0 
12 0 0 0 1.0 0.0 0.0 0.0 
13 0 0 0 1.0 0.0 0.0 0.0 
13 0 0 0 1.0 0.0 0.0 0.0 
13 0 0 0 1.0 0.0 0.0 0.0 
13 0 0 0 1.0 0.0 0.0 0.0 
13 0 0 0 1.0 0.0 0.0 0.0 
13 0 0 0 1.0 0.0 0.0 0.0 
13 0 0 0 1.0 0.0 0.0 0.0 
11 0 0 0 1.0 0.0 0.0 0.0 
11 0 0 0 1.0 0.0 0.0 0.0 
8 0 0 0 1.0 0.0 0.0 0.0 
8 0 0 0 1.0 0.0 0.0 0.0 
8 0 0 0 1.0 0.0 0.0 0.0 
8 0 0 0 1.0 0.0 0.0 0.0 
8 0 0 0 1.0 0.0 0.0 0.0 
8 0 0 0 1.0 0.0 0.0 0.0 
8 0 0 0 1.0 0.0 0.0 0.0 
8 0 0 0 1.0 0.0 0.0 0.0 
8 0 0 0 1.0 0.0 0.0 0.0 
8 0 0 0 1.0 0.0 0.0 0.0 
8 0 0 0 1.0 0.0 0.0 0.0 
8 0 0 0 1.0 0.0 0.0 0.0 
8 0 0 0 1.0 0.0 0.0 0.0 
8 0 0 0 1.0 0.0 0.0 0.0 
8 0 0 0 1.0 0.0 0.0 0.0 
8 0 0 0 1.0 0.0 0.0 0.0 
9 0 0 0 1.0 0.0 0.0 0.0 
9 0 0 0 1.0 0.0 0.0 0.0 
9 0 0 0 1.0 0.0 0.0 0.0 
9 0 0 0 1.0 0.0 0.0 0.0 
9 0 0 0 1.0 0.0 0.0 0.0 
9 0 0 0 1.0 0.0 0.0 0.0 
9 0 0 0 1.0 0.0 0.0 0.0 
9 0 0 0 1.0 0.0 0.0 0.0 
9 0 0 0 1.0 0.0 0.0 0.0 
9 0 0 0 1.0 0.0 0.0 0.0 
9 0 0 0 1.0 0.0 0.0 0.0 
9 0 0 0 1.0 0.0 0.0 0.0 
10 0 0 0 1.0 0.0 0.0 0.0 
10 0 0 0 1.0 0.0 0.0 0.0 
10 0 0 0 1.0 0.0 0.0 0.0 
10 0 0 0 1.0 0.0 0.0 0.0 
10 0 0 0 1.0 0.0 0.0 0.0 
10 0 0 0 1.0 0.0 0.0 0.0 
10 0 0 0 1.0 0.0 0.0 0.0 
10 0 0 0 1.0 0.0 0.0 0.0 
8 0 0 0 1.0 0.0 0.0 0.0 
8 0 0 0 1.0 0.0 0.0 0.0 
8 0 0 0 1.0 0.0 0.0 0.0 
8 0 0 0 1.0 0.0 0.0 0.0 
8 0 0 0 1.0 0.0 0.0 0.0 
8 0 0 0 1.0 0.0 0.0 0.0 
